0,1.0,3.0,10.0,41.0,1.0,3.0,0.0,4.0,4.0,5.0,4.0,5.0,3.0,5.0,5.0,5.0,2.0,5.0,2.0,3.0,2.0,5.0,2.0,2.0,2.0,2.0,5.0,5.0,2.0,5.0,4.0,5.0,4.0,5.0,2.0,4.0
1,3.0,1.0,4.0,66.0,1.0,2.0,0.0,6.0,5.0,5.0,6.0,6.0,6.0,5.0,5.0,5.0,4.0,4.0,5.0,5.0,5.0,4.0,2.0,3.0,5.0,5.0,3.0,4.0,6.0,6.0,4.0,6.0,4.0,5.0,4.0,5.0
2,4.0,1.0,1.0,43.0,0.0,1.0,0.0,1.0,3.0,2.0,4.0,3.0,4.0,3.0,4.0,3.0,4.0,2.0,3.0,2.0,3.0,3.0,4.0,4.0,3.0,3.0,3.0,5.0,3.0,3.0,5.0,6.0,4.0,4.0,6.0,5.0
3,7.0,1.0,2.0,43.0,0.0,3.0,3.0,5.0,5.0,5.0,5.0,4.0,4.0,5.0,6.0,4.0,4.0,5.0,2.0,2.0,4.0,5.0,5.0,4.0,5.0,4.0,6.0,5.0,5.0,4.0,4.0,3.0,5.0,5.0,6.0,5.0
4,8.0,5.0,35.0,57.0,1.0,3.0,1.0,3.0,4.0,5.0,5.0,5.0,4.0,5.0,3.0,4.0,3.0,4.0,4.0,5.0,2.0,3.0,2.0,4.0,4.0,4.0,6.0,5.0,5.0,6.0,5.0,6.0,5.0,6.0,5.0,5.0
5,9.0,5.0,23.0,48.0,0.0,2.0,2.0,6.0,3.0,4.0,3.0,4.0,2.0,3.0,2.0,2.0,4.0,4.0,2.0,4.0,2.0,3.0,2.0,3.0,2.0,4.0,3.0,5.0,4.0,5.0,3.0,5.0,3.0,4.0,3.0,4.0
6,10.0,1.0,15.0,41.0,0.0,3.0,1.0,6.0,3.0,3.0,4.0,4.0,2.0,3.0,2.0,4.0,2.0,2.0,1.0,1.0,1.0,1.0,2.0,1.0,3.0,3.0,4.0,3.0,3.0,3.0,3.0,3.0,4.0,4.0,3.0,4.0
7,11.0,5.0,10.0,57.0,0.0,2.0,0.0,3.0,6.0,6.0,6.0,6.0,4.0,4.0,4.0,5.0,5.0,5.0,3.0,3.0,2.0,3.0,5.0,6.0,4.0,4.0,3.0,4.0,3.0,5.0,5.0,6.0,3.0,6.0,5.0,6.0
8,13.0,5.0,3.0,32.0,0.0,3.0,0.0,6.0,3.0,5.0,4.0,2.0,3.0,2.0,1.0,4.0,1.0,1.0,1.0,1.0,2.0,2.0,4.0,2.0,2.0,2.0,2.0,2.0,2.0,2.0,3.0,3.0,3.0,4.0,4.0,5.0
9,15.0,1.0,3.0,38.0,1.0,3.0,1.0,6.0,3.0,5.0,4.0,4.0,3.0,4.0,4.0,3.0,1.0,1.0,1.0,2.0,3.0,3.0,3.0,3.0,4.0,5.0,3.0,6.0,4.0,5.0,5.0,3.0,6.0,6.0,3.0,3.0
10,16.0,4.0,14.0,37.0,0.0,3.0,2.0,5.0,5.0,5.0,4.0,6.0,5.0,5.0,4.0,2.0,5.0,5.0,4.0,4.0,3.0,4.0,4.0,4.0,5.0,4.0,5.0,6.0,5.0,5.0,3.0,2.0,2.0,4.0,4.0,6.0
11,18.0,3.0,11.0,42.0,0.0,3.0,0.0,5.0,4.0,4.0,5.0,5.0,4.0,3.0,5.0,4.0,5.0,2.0,2.0,1.0,2.0,4.0,2.0,2.0,2.0,4.0,4.0,3.0,3.0,5.0,4.0,3.0,3.0,3.0,3.0,4.0
12,20.0,4.0,7.0,43.0,1.0,3.0,0.0,5.0,4.0,5.0,5.0,4.0,1.0,5.0,1.0,1.0,1.0,1.0,2.0,2.0,3.0,5.0,1.0,1.0,6.0,5.0,5.0,6.0,5.0,6.0,4.0,4.0,6.0,6.0,6.0,6.0
13,21.0,5.0,3.0,38.0,1.0,3.0,2.0,5.0,5.0,5.0,6.0,5.0,5.0,5.0,2.0,2.0,3.0,1.0,4.0,2.0,3.0,2.0,4.0,2.0,5.0,5.0,5.0,6.0,6.0,6.0,6.0,5.0,4.0,5.0,6.0,6.0
14,23.0,5.0,15.0,52.0,0.0,2.0,0.0,5.0,2.0,3.0,2.0,3.0,2.0,3.0,3.0,3.0,3.0,3.0,1.0,1.0,4.0,4.0,3.0,3.0,4.0,4.0,4.0,4.0,5.0,5.0,2.0,4.0,4.0,5.0,3.0,4.0
15,24.0,1.0,29.0,55.0,1.0,3.0,0.0,6.0,5.0,6.0,5.0,6.0,6.0,6.0,6.0,6.0,3.0,1.0,6.0,2.0,5.0,3.0,1.0,1.0,5.0,5.0,6.0,6.0,6.0,6.0,6.0,6.0,6.0,5.0,6.0,6.0
16,26.0,2.0,1.0,39.0,0.0,3.0,1.0,3.0,3.0,6.0,5.0,6.0,2.0,5.0,6.0,3.0,2.0,6.0,1.0,2.0,2.0,3.0,2.0,2.0,5.0,5.0,6.0,6.0,3.0,5.0,2.0,3.0,2.0,5.0,2.0,6.0
17,27.0,2.0,3.0,39.0,0.0,3.0,1.0,6.0,3.0,3.0,4.0,3.0,2.0,3.0,5.0,5.0,2.0,2.0,2.0,2.0,1.0,3.0,4.0,3.0,3.0,3.0,3.0,3.0,2.0,3.0,2.0,3.0,3.0,5.0,3.0,3.0
18,29.0,3.0,9.0,42.0,0.0,3.0,1.0,6.0,2.0,2.0,5.0,6.0,3.0,3.0,4.0,4.0,1.0,1.0,1.0,2.0,1.0,3.0,2.0,3.0,3.0,4.0,6.0,5.0,3.0,4.0,3.0,5.0,6.0,5.0,4.0,6.0
19,30.0,5.0,5.0,38.0,0.0,3.0,0.0,5.0,3.0,4.0,2.0,2.0,1.0,1.0,1.0,1.0,2.0,1.0,1.0,1.0,1.0,2.0,1.0,1.0,3.0,3.0,4.0,4.0,2.0,4.0,1.0,1.0,2.0,4.0,1.0,6.0
20,31.0,1.0,12.0,58.0,1.0,3.0,1.0,5.0,4.0,6.0,6.0,6.0,4.0,4.0,6.0,6.0,6.0,6.0,2.0,5.0,4.0,5.0,1.0,2.0,5.0,5.0,5.0,5.0,5.0,5.0,6.0,6.0,6.0,6.0,6.0,6.0
21,33.0,2.0,1.0,27.0,0.0,3.0,0.0,3.0,5.0,6.0,4.0,4.0,4.0,4.0,3.0,4.0,4.0,4.0,4.0,4.0,5.0,5.0,5.0,3.0,6.0,6.0,6.0,6.0,5.0,6.0,4.0,4.0,5.0,6.0,4.0,4.0
22,35.0,5.0,30.0,60.0,1.0,3.0,0.0,1.0,3.0,3.0,3.0,4.0,3.0,5.0,5.0,4.0,5.0,2.0,2.0,4.0,2.0,2.0,3.0,2.0,5.0,3.0,5.0,5.0,4.0,4.0,6.0,4.0,5.0,6.0,5.0,5.0
23,36.0,1.0,10.0,34.0,1.0,1.0,0.0,3.0,4.0,2.0,6.0,2.0,5.0,2.0,6.0,6.0,6.0,6.0,6.0,2.0,5.0,5.0,1.0,1.0,5.0,5.0,5.0,4.0,6.0,5.0,6.0,6.0,6.0,6.0,6.0,6.0
24,40.0,1.0,10.0,57.0,0.0,3.0,0.0,5.0,6.0,4.0,6.0,3.0,4.0,4.0,6.0,6.0,6.0,2.0,6.0,4.0,5.0,4.0,2.0,2.0,5.0,5.0,6.0,5.0,6.0,5.0,6.0,6.0,6.0,6.0,6.0,3.0
25,42.0,5.0,7.0,31.0,0.0,3.0,0.0,6.0,3.0,4.0,3.0,4.0,3.0,4.0,3.0,2.0,1.0,4.0,3.0,4.0,1.0,4.0,2.0,5.0,2.0,4.0,4.0,4.0,2.0,4.0,2.0,4.0,4.0,4.0,3.0,5.0
26,44.0,2.0,25.0,46.0,1.0,3.0,0.0,5.0,4.0,4.0,4.0,5.0,4.0,5.0,4.0,4.0,2.0,3.0,2.0,3.0,4.0,4.0,2.0,2.0,4.0,6.0,5.0,6.0,5.0,6.0,3.0,4.0,4.0,6.0,4.0,5.0
27,45.0,2.0,15.0,48.0,1.0,3.0,0.0,4.0,4.0,4.0,2.0,4.0,3.0,3.0,1.0,1.0,2.0,1.0,1.0,1.0,1.0,2.0,2.0,3.0,3.0,4.0,4.0,4.0,6.0,6.0,1.0,1.0,4.0,4.0,3.0,3.0
28,46.0,2.0,2.0,36.0,1.0,3.0,2.0,6.0,5.0,6.0,5.0,6.0,4.0,5.0,3.0,5.0,2.0,4.0,3.0,2.0,4.0,4.0,3.0,3.0,4.0,2.0,4.0,4.0,5.0,4.0,3.0,3.0,3.0,4.0,4.0,6.0
29,48.0,3.0,4.0,44.0,1.0,3.0,0.0,5.0,5.0,6.0,6.0,4.0,5.0,5.0,6.0,5.0,6.0,6.0,3.0,4.0,3.0,5.0,4.0,5.0,5.0,4.0,6.0,5.0,5.0,4.0,3.0,4.0,5.0,4.0,6.0,6.0
30,49.0,4.0,1.0,40.0,0.0,3.0,1.0,1.0,4.0,4.0,2.0,2.0,4.0,4.0,5.0,2.0,1.0,1.0,3.0,1.0,1.0,2.0,1.0,1.0,4.0,2.0,6.0,1.0,6.0,2.0,5.0,2.0,5.0,4.0,6.0,4.0
31,52.0,2.0,5.0,49.0,0.0,2.0,2.0,2.0,6.0,5.0,6.0,6.0,6.0,5.0,6.0,6.0,5.0,5.0,6.0,6.0,5.0,5.0,3.0,3.0,5.0,5.0,5.0,5.0,6.0,5.0,6.0,6.0,6.0,6.0,6.0,5.0
32,53.0,1.0,1.0,40.0,1.0,3.0,1.0,5.0,3.0,4.0,4.0,4.0,3.0,4.0,4.0,3.0,4.0,4.0,4.0,4.0,5.0,5.0,2.0,3.0,3.0,4.0,4.0,4.0,4.0,5.0,2.0,3.0,3.0,4.0,4.0,5.0
33,55.0,1.0,5.0,41.0,0.0,2.0,0.0,4.0,6.0,5.0,6.0,5.0,5.0,5.0,6.0,5.0,5.0,3.0,5.0,4.0,5.0,5.0,5.0,5.0,5.0,6.0,5.0,4.0,5.0,5.0,5.0,4.0,5.0,5.0,6.0,5.0
34,56.0,4.0,2.0,38.0,1.0,1.0,0.0,6.0,2.0,1.0,4.0,4.0,1.0,1.0,1.0,2.0,5.0,1.0,4.0,2.0,4.0,2.0,2.0,1.0,2.0,1.0,2.0,1.0,5.0,2.0,4.0,1.0,3.0,2.0,2.0,2.0
35,57.0,1.0,8.0,35.0,0.0,2.0,2.0,4.0,4.0,4.0,4.0,5.0,3.0,3.0,5.0,5.0,6.0,5.0,3.0,3.0,3.0,4.0,2.0,3.0,4.0,5.0,5.0,5.0,4.0,4.0,4.0,4.0,5.0,4.0,3.0,3.0
36,58.0,1.0,1.0,47.0,1.0,3.0,2.0,3.0,5.0,4.0,4.0,5.0,4.0,4.0,2.0,2.0,2.0,2.0,4.0,4.0,4.0,4.0,3.0,4.0,4.0,5.0,5.0,3.0,5.0,5.0,2.0,4.0,4.0,4.0,3.0,3.0
37,59.0,2.0,1.0,34.0,0.0,3.0,0.0,3.0,2.0,4.0,3.0,4.0,2.0,4.0,2.0,3.0,1.0,5.0,2.0,3.0,1.0,3.0,2.0,2.0,3.0,3.0,3.0,4.0,2.0,4.0,2.0,4.0,3.0,3.0,2.0,4.0
38,60.0,1.0,20.0,41.0,1.0,3.0,5.0,4.0,3.0,5.0,4.0,5.0,5.0,5.0,3.0,5.0,2.0,4.0,2.0,4.0,3.0,4.0,2.0,3.0,4.0,4.0,4.0,4.0,4.0,5.0,3.0,4.0,4.0,4.0,4.0,5.0
39,63.0,1.0,5.0,32.0,0.0,3.0,0.0,5.0,3.0,4.0,4.0,4.0,2.0,4.0,4.0,4.0,1.0,1.0,1.0,1.0,2.0,2.0,3.0,4.0,5.0,5.0,4.0,4.0,4.0,5.0,4.0,3.0,3.0,5.0,4.0,4.0
40,67.0,3.0,1.0,49.0,1.0,3.0,1.0,6.0,4.0,6.0,5.0,6.0,6.0,6.0,6.0,3.0,6.0,4.0,3.0,4.0,3.0,5.0,3.0,3.0,5.0,5.0,4.0,4.0,4.0,5.0,5.0,5.0,5.0,5.0,4.0,4.0
41,68.0,1.0,5.0,57.0,0.0,1.0,0.0,6.0,4.0,5.0,4.0,5.0,5.0,5.0,3.0,2.0,2.0,2.0,1.0,1.0,2.0,2.0,3.0,3.0,3.0,4.0,4.0,3.0,3.0,4.0,4.0,5.0,4.0,4.0,3.0,4.0
42,69.0,1.0,1.0,39.0,0.0,3.0,0.0,3.0,2.0,5.0,3.0,5.0,2.0,4.0,1.0,2.0,2.0,2.0,2.0,1.0,2.0,4.0,2.0,2.0,4.0,5.0,5.0,6.0,6.0,6.0,4.0,6.0,6.0,6.0,3.0,6.0
43,70.0,1.0,6.0,57.0,0.0,2.0,0.0,4.0,4.0,4.0,4.0,4.0,3.0,3.0,5.0,5.0,3.0,3.0,4.0,3.0,3.0,3.0,3.0,2.0,4.0,4.0,5.0,5.0,5.0,4.0,4.0,4.0,5.0,5.0,4.0,4.0
44,71.0,1.0,1.0,54.0,0.0,1.0,0.0,6.0,6.0,4.0,5.0,3.0,5.0,3.0,5.0,4.0,6.0,3.0,3.0,3.0,3.0,3.0,4.0,3.0,4.0,3.0,5.0,5.0,5.0,4.0,6.0,5.0,6.0,5.0,5.0,4.0
45,72.0,1.0,3.0,35.0,0.0,3.0,1.0,4.0,5.0,6.0,5.0,6.0,4.0,6.0,3.0,2.0,2.0,4.0,2.0,2.0,3.0,4.0,2.0,2.0,4.0,5.0,3.0,4.0,5.0,5.0,5.0,5.0,3.0,4.0,5.0,6.0
46,75.0,1.0,12.0,33.0,1.0,3.0,1.0,2.0,3.0,5.0,5.0,5.0,3.0,5.0,2.0,6.0,3.0,3.0,1.0,3.0,2.0,2.0,2.0,3.0,5.0,5.0,4.0,4.0,3.0,4.0,4.0,5.0,6.0,6.0,2.0,4.0
47,81.0,1.0,4.0,32.0,1.0,1.0,0.0,5.0,4.0,4.0,5.0,5.0,3.0,4.0,4.0,3.0,1.0,3.0,2.0,2.0,2.0,2.0,2.0,2.0,4.0,4.0,4.0,3.0,5.0,4.0,4.0,4.0,3.0,2.0,4.0,4.0
48,82.0,2.0,6.0,34.0,0.0,3.0,2.0,6.0,5.0,6.0,5.0,6.0,5.0,6.0,6.0,6.0,5.0,5.0,3.0,3.0,3.0,3.0,3.0,3.0,4.0,4.0,6.0,6.0,5.0,6.0,6.0,6.0,6.0,5.0,5.0,5.0
49,83.0,2.0,11.0,46.0,0.0,2.0,0.0,4.0,5.0,5.0,5.0,5.0,5.0,6.0,6.0,5.0,6.0,5.0,5.0,5.0,5.0,5.0,5.0,5.0,5.0,5.0,5.0,5.0,5.0,6.0,6.0,5.0,5.0,5.0,6.0,6.0
50,84.0,3.0,7.0,46.0,1.0,3.0,3.0,5.0,3.0,5.0,3.0,4.0,3.0,5.0,4.0,3.0,2.0,3.0,5.0,3.0,2.0,2.0,2.0,2.0,5.0,5.0,3.0,5.0,5.0,5.0,5.0,6.0,5.0,4.0,4.0,3.0
51,85.0,2.0,7.0,46.0,0.0,3.0,1.0,3.0,4.0,4.0,4.0,4.0,3.0,4.0,4.0,4.0,4.0,3.0,3.0,3.0,2.0,2.0,3.0,3.0,4.0,4.0,4.0,4.0,3.0,4.0,4.0,4.0,4.0,4.0,4.0,4.0
52,86.0,1.0,20.0,57.0,0.0,1.0,0.0,4.0,5.0,4.0,5.0,4.0,5.0,5.0,5.0,5.0,4.0,4.0,5.0,5.0,2.0,2.0,2.0,2.0,4.0,4.0,6.0,6.0,6.0,6.0,2.0,2.0,6.0,5.0,4.0,4.0
53,88.0,3.0,3.0,32.0,0.0,3.0,2.0,6.0,2.0,6.0,3.0,6.0,2.0,6.0,1.0,3.0,3.0,3.0,3.0,3.0,1.0,3.0,3.0,3.0,3.0,4.0,3.0,6.0,4.0,5.0,3.0,3.0,4.0,6.0,3.0,6.0
54,91.0,1.0,9.0,48.0,0.0,2.0,0.0,3.0,5.0,5.0,6.0,4.0,5.0,5.0,4.0,4.0,6.0,6.0,4.0,4.0,3.0,3.0,3.0,2.0,5.0,5.0,5.0,6.0,5.0,5.0,4.0,4.0,5.0,6.0,5.0,4.0
55,92.0,1.0,1.0,38.0,0.0,3.0,2.0,2.0,5.0,4.0,5.0,6.0,4.0,5.0,5.0,5.0,5.0,3.0,6.0,5.0,4.0,4.0,4.0,4.0,5.0,5.0,4.0,5.0,5.0,5.0,6.0,6.0,5.0,6.0,5.0,5.0
56,94.0,1.0,5.0,50.0,0.0,3.0,1.0,4.0,5.0,6.0,6.0,6.0,4.0,6.0,5.0,4.0,2.0,2.0,4.0,3.0,4.0,3.0,3.0,1.0,6.0,5.0,6.0,6.0,5.0,5.0,6.0,6.0,5.0,5.0,6.0,6.0
57,95.0,1.0,5.0,31.0,1.0,1.0,0.0,2.0,4.0,3.0,4.0,2.0,3.0,1.0,1.0,2.0,1.0,3.0,1.0,2.0,3.0,2.0,3.0,2.0,1.0,1.0,4.0,2.0,4.0,2.0,5.0,2.0,1.0,2.0,1.0,1.0
58,97.0,5.0,1.0,39.0,0.0,1.0,0.0,4.0,4.0,5.0,3.0,4.0,4.0,4.0,3.0,3.0,3.0,3.0,3.0,4.0,2.0,2.0,3.0,3.0,4.0,4.0,3.0,3.0,3.0,4.0,4.0,4.0,3.0,4.0,2.0,2.0
59,98.0,5.0,12.0,59.0,1.0,2.0,2.0,5.0,4.0,2.0,4.0,2.0,2.0,2.0,3.0,1.0,3.0,2.0,1.0,2.0,1.0,1.0,1.0,1.0,4.0,2.0,1.0,1.0,2.0,2.0,1.0,3.0,3.0,4.0,2.0,1.0
60,99.0,2.0,8.0,38.0,1.0,1.0,1.0,3.0,5.0,4.0,5.0,4.0,5.0,4.0,2.0,2.0,6.0,4.0,1.0,1.0,2.0,2.0,3.0,3.0,5.0,3.0,6.0,3.0,6.0,4.0,3.0,3.0,5.0,3.0,3.0,3.0
61,100.0,3.0,1.0,36.0,1.0,3.0,2.0,3.0,5.0,5.0,5.0,5.0,4.0,5.0,4.0,3.0,6.0,6.0,5.0,5.0,5.0,5.0,5.0,6.0,4.0,5.0,4.0,4.0,5.0,6.0,6.0,5.0,5.0,6.0,5.0,6.0
62,101.0,2.0,1.0,32.0,1.0,1.0,0.0,2.0,4.0,4.0,5.0,6.0,5.0,4.0,4.0,4.0,1.0,5.0,5.0,5.0,4.0,5.0,1.0,1.0,3.0,5.0,5.0,5.0,5.0,6.0,5.0,2.0,6.0,6.0,5.0,5.0
63,102.0,5.0,1.0,40.0,0.0,2.0,2.0,3.0,4.0,4.0,5.0,4.0,4.0,4.0,3.0,5.0,2.0,2.0,2.0,2.0,2.0,2.0,3.0,3.0,3.0,3.0,3.0,3.0,3.0,4.0,6.0,6.0,3.0,3.0,3.0,3.0
64,103.0,3.0,7.0,38.0,0.0,1.0,0.0,4.0,5.0,5.0,4.0,3.0,3.0,4.0,2.0,2.0,4.0,2.0,2.0,2.0,3.0,2.0,2.0,2.0,4.0,2.0,2.0,3.0,4.0,4.0,4.0,2.0,4.0,2.0,2.0,4.0
65,104.0,3.0,13.0,36.0,0.0,1.0,0.0,5.0,4.0,4.0,5.0,3.0,5.0,3.0,3.0,3.0,5.0,3.0,3.0,3.0,4.0,4.0,4.0,3.0,4.0,4.0,4.0,4.0,5.0,5.0,5.0,4.0,5.0,5.0,4.0,3.0
66,105.0,1.0,30.0,62.0,0.0,3.0,2.0,6.0,5.0,6.0,6.0,6.0,6.0,6.0,6.0,6.0,6.0,6.0,2.0,6.0,4.0,3.0,2.0,3.0,4.0,4.0,4.0,6.0,5.0,5.0,5.0,5.0,5.0,4.0,6.0,6.0
67,106.0,3.0,25.0,48.0,0.0,2.0,2.0,4.0,2.0,3.0,1.0,3.0,1.0,2.0,3.0,3.0,1.0,2.0,1.0,2.0,1.0,2.0,1.0,1.0,3.0,4.0,4.0,3.0,2.0,3.0,3.0,3.0,3.0,4.0,2.0,2.0
68,108.0,1.0,4.0,44.0,1.0,3.0,2.0,2.0,3.0,5.0,2.0,3.0,2.0,3.0,2.0,2.0,1.0,2.0,1.0,2.0,1.0,2.0,2.0,2.0,4.0,5.0,2.0,5.0,2.0,5.0,1.0,3.0,3.0,3.0,2.0,5.0
69,109.0,3.0,4.0,42.0,1.0,3.0,0.0,4.0,3.0,5.0,3.0,5.0,2.0,4.0,2.0,3.0,1.0,1.0,2.0,2.0,1.0,3.0,1.0,2.0,4.0,4.0,5.0,5.0,4.0,4.0,1.0,2.0,5.0,4.0,3.0,4.0
70,110.0,3.0,5.0,44.0,1.0,3.0,0.0,6.0,3.0,5.0,4.0,4.0,2.0,5.0,5.0,2.0,4.0,2.0,2.0,2.0,3.0,3.0,2.0,3.0,4.0,4.0,6.0,4.0,5.0,5.0,2.0,5.0,5.0,4.0,4.0,3.0
71,113.0,5.0,3.0,39.0,1.0,3.0,2.0,5.0,4.0,4.0,4.0,5.0,4.0,4.0,3.0,2.0,2.0,2.0,1.0,1.0,3.0,3.0,1.0,2.0,3.0,4.0,4.0,4.0,4.0,4.0,3.0,3.0,4.0,4.0,3.0,4.0
72,115.0,5.0,20.0,45.0,0.0,3.0,3.0,6.0,4.0,4.0,4.0,5.0,3.0,3.0,2.0,4.0,2.0,6.0,2.0,3.0,2.0,4.0,2.0,4.0,3.0,3.0,5.0,5.0,5.0,6.0,5.0,5.0,4.0,4.0,2.0,6.0
73,116.0,5.0,9.0,40.0,1.0,3.0,0.0,5.0,4.0,5.0,4.0,5.0,4.0,4.0,3.0,3.0,4.0,4.0,2.0,2.0,1.0,1.0,3.0,3.0,3.0,3.0,4.0,4.0,4.0,4.0,2.0,4.0,4.0,4.0,5.0,5.0
74,117.0,5.0,4.0,35.0,1.0,3.0,1.0,5.0,4.0,5.0,4.0,5.0,3.0,4.0,6.0,3.0,5.0,3.0,3.0,4.0,3.0,3.0,4.0,4.0,5.0,4.0,5.0,4.0,6.0,5.0,5.0,3.0,3.0,3.0,4.0,5.0
75,118.0,1.0,1.0,46.0,0.0,3.0,1.0,3.0,5.0,5.0,6.0,6.0,5.0,5.0,6.0,5.0,6.0,6.0,3.0,3.0,5.0,4.0,3.0,3.0,5.0,4.0,4.0,4.0,5.0,5.0,6.0,6.0,4.0,5.0,6.0,6.0
76,119.0,3.0,3.0,34.0,1.0,3.0,0.0,6.0,5.0,6.0,6.0,6.0,5.0,6.0,4.0,3.0,5.0,4.0,2.0,2.0,4.0,4.0,3.0,3.0,5.0,5.0,4.0,4.0,5.0,6.0,4.0,4.0,5.0,5.0,6.0,6.0
77,120.0,5.0,4.0,27.0,1.0,1.0,0.0,6.0,2.0,3.0,2.0,3.0,2.0,2.0,2.0,2.0,4.0,3.0,2.0,2.0,2.0,3.0,2.0,3.0,2.0,2.0,2.0,2.0,4.0,3.0,3.0,1.0,2.0,3.0,2.0,2.0
78,121.0,3.0,24.0,48.0,1.0,3.0,2.0,3.0,5.0,4.0,5.0,4.0,3.0,4.0,1.0,4.0,6.0,4.0,2.0,3.0,2.0,5.0,1.0,3.0,4.0,4.0,6.0,5.0,6.0,5.0,2.0,4.0,6.0,5.0,1.0,5.0
79,122.0,2.0,16.0,39.0,0.0,3.0,2.0,6.0,5.0,5.0,5.0,4.0,5.0,6.0,4.0,4.0,6.0,6.0,3.0,3.0,2.0,3.0,3.0,4.0,4.0,3.0,4.0,4.0,4.0,4.0,3.0,2.0,4.0,4.0,4.0,4.0
80,123.0,5.0,13.0,36.0,0.0,3.0,2.0,6.0,3.0,5.0,3.0,4.0,2.0,4.0,2.0,3.0,5.0,4.0,1.0,3.0,2.0,3.0,2.0,2.0,4.0,4.0,4.0,4.0,4.0,4.0,2.0,3.0,4.0,5.0,2.0,5.0
81,124.0,4.0,1.0,33.0,0.0,1.0,0.0,6.0,4.0,5.0,4.0,5.0,3.0,5.0,4.0,2.0,5.0,4.0,2.0,1.0,3.0,2.0,3.0,2.0,4.0,3.0,4.0,4.0,5.0,4.0,4.0,2.0,3.0,3.0,4.0,3.0
82,125.0,4.0,22.0,47.0,1.0,3.0,2.0,4.0,3.0,5.0,3.0,5.0,3.0,5.0,1.0,2.0,2.0,5.0,2.0,3.0,2.0,3.0,2.0,5.0,4.0,5.0,5.0,5.0,3.0,5.0,3.0,3.0,4.0,5.0,4.0,5.0
83,126.0,1.0,20.0,49.0,0.0,3.0,3.0,4.0,6.0,6.0,5.0,6.0,5.0,6.0,1.0,2.0,2.0,5.0,1.0,1.0,2.0,2.0,4.0,4.0,4.0,2.0,6.0,6.0,4.0,4.0,2.0,1.0,2.0,5.0,2.0,5.0
84,129.0,3.0,6.0,33.0,0.0,3.0,2.0,6.0,6.0,6.0,4.0,5.0,4.0,5.0,3.0,4.0,4.0,4.0,1.0,6.0,4.0,6.0,3.0,4.0,3.0,4.0,3.0,4.0,4.0,5.0,3.0,5.0,4.0,5.0,3.0,5.0
85,130.0,5.0,3.0,34.0,0.0,3.0,3.0,3.0,2.0,5.0,2.0,2.0,2.0,2.0,2.0,5.0,1.0,1.0,1.0,3.0,1.0,3.0,2.0,2.0,2.0,2.0,3.0,3.0,2.0,3.0,1.0,4.0,2.0,3.0,2.0,3.0
86,131.0,3.0,15.0,43.0,0.0,3.0,0.0,4.0,4.0,2.0,4.0,5.0,6.0,3.0,1.0,1.0,6.0,1.0,1.0,1.0,1.0,1.0,3.0,6.0,5.0,4.0,4.0,2.0,5.0,4.0,1.0,4.0,3.0,6.0,1.0,1.0
87,132.0,1.0,3.0,38.0,0.0,3.0,2.0,6.0,5.0,5.0,6.0,4.0,5.0,6.0,5.0,6.0,2.0,4.0,1.0,2.0,2.0,2.0,3.0,2.0,6.0,6.0,6.0,6.0,4.0,5.0,4.0,4.0,6.0,5.0,6.0,6.0
88,135.0,3.0,10.0,37.0,1.0,3.0,2.0,3.0,4.0,6.0,5.0,6.0,4.0,6.0,6.0,2.0,4.0,3.0,3.0,3.0,4.0,3.0,6.0,3.0,4.0,4.0,5.0,6.0,5.0,6.0,5.0,5.0,5.0,6.0,6.0,6.0
89,137.0,5.0,33.0,56.0,0.0,3.0,0.0,5.0,5.0,5.0,5.0,5.0,4.0,6.0,4.0,6.0,2.0,1.0,1.0,1.0,1.0,5.0,2.0,3.0,5.0,5.0,6.0,5.0,4.0,6.0,5.0,4.0,6.0,6.0,6.0,6.0
90,140.0,1.0,3.0,35.0,0.0,3.0,2.0,5.0,3.0,5.0,5.0,5.0,6.0,6.0,1.0,1.0,1.0,3.0,1.0,3.0,1.0,3.0,2.0,2.0,4.0,4.0,4.0,4.0,4.0,6.0,4.0,5.0,4.0,4.0,6.0,6.0
91,141.0,1.0,1.0,35.0,0.0,3.0,2.0,4.0,5.0,6.0,6.0,5.0,6.0,5.0,5.0,6.0,6.0,5.0,5.0,5.0,5.0,6.0,5.0,4.0,6.0,5.0,5.0,6.0,6.0,6.0,6.0,6.0,5.0,5.0,6.0,6.0
92,143.0,5.0,1.0,34.0,0.0,1.0,0.0,5.0,4.0,6.0,4.0,6.0,2.0,3.0,2.0,1.0,2.0,4.0,1.0,6.0,3.0,5.0,2.0,5.0,3.0,4.0,2.0,4.0,4.0,5.0,3.0,6.0,4.0,4.0,3.0,5.0
93,145.0,5.0,15.0,40.0,0.0,3.0,3.0,4.0,3.0,6.0,3.0,6.0,4.0,6.0,3.0,4.0,2.0,4.0,3.0,4.0,3.0,3.0,3.0,3.0,5.0,5.0,4.0,6.0,5.0,5.0,3.0,4.0,4.0,4.0,3.0,6.0
94,147.0,3.0,1.0,28.0,0.0,3.0,0.0,6.0,5.0,6.0,4.0,5.0,3.0,5.0,4.0,5.0,5.0,6.0,2.0,5.0,4.0,6.0,3.0,3.0,4.0,3.0,4.0,4.0,4.0,5.0,4.0,4.0,4.0,4.0,6.0,6.0
95,149.0,3.0,7.0,34.0,0.0,3.0,0.0,4.0,4.0,4.0,4.0,6.0,4.0,5.0,4.0,6.0,4.0,6.0,3.0,4.0,4.0,3.0,2.0,3.0,4.0,4.0,5.0,5.0,6.0,6.0,4.0,6.0,4.0,4.0,6.0,6.0
96,151.0,2.0,2.0,30.0,0.0,3.0,0.0,6.0,5.0,3.0,6.0,6.0,5.0,5.0,6.0,6.0,4.0,3.0,4.0,4.0,2.0,2.0,3.0,2.0,4.0,4.0,5.0,5.0,4.0,3.0,5.0,4.0,5.0,5.0,6.0,5.0
97,152.0,2.0,4.0,33.0,1.0,3.0,1.0,3.0,4.0,5.0,3.0,5.0,1.0,3.0,3.0,2.0,3.0,3.0,1.0,2.0,1.0,6.0,2.0,5.0,5.0,5.0,5.0,5.0,5.0,5.0,4.0,4.0,6.0,6.0,6.0,6.0
98,153.0,3.0,33.0,55.0,0.0,2.0,0.0,6.0,2.0,4.0,2.0,4.0,1.0,4.0,3.0,3.0,3.0,3.0,1.0,3.0,3.0,4.0,2.0,3.0,2.0,3.0,4.0,4.0,3.0,4.0,2.0,3.0,2.0,3.0,1.0,4.0
99,155.0,3.0,1.0,30.0,0.0,3.0,0.0,6.0,4.0,6.0,6.0,6.0,4.0,5.0,3.0,2.0,2.0,3.0,1.0,1.0,1.0,1.0,3.0,1.0,2.0,4.0,3.0,4.0,4.0,4.0,3.0,3.0,2.0,6.0,5.0,6.0
100,156.0,3.0,16.0,55.0,0.0,3.0,0.0,4.0,3.0,5.0,2.0,6.0,3.0,6.0,4.0,5.0,1.0,4.0,1.0,4.0,3.0,4.0,3.0,3.0,4.0,5.0,4.0,5.0,4.0,5.0,2.0,4.0,3.0,4.0,3.0,6.0
101,157.0,1.0,3.0,32.0,0.0,3.0,2.0,5.0,3.0,3.0,4.0,6.0,4.0,5.0,4.0,4.0,4.0,2.0,1.0,3.0,4.0,4.0,4.0,2.0,5.0,4.0,5.0,5.0,5.0,4.0,5.0,5.0,5.0,5.0,5.0,5.0
102,159.0,5.0,2.0,40.0,0.0,2.0,1.0,1.0,4.0,5.0,4.0,5.0,5.0,6.0,4.0,4.0,2.0,5.0,2.0,1.0,3.0,4.0,3.0,3.0,5.0,6.0,3.0,5.0,4.0,4.0,2.0,5.0,4.0,4.0,3.0,5.0
103,160.0,1.0,2.0,57.0,0.0,2.0,0.0,6.0,4.0,3.0,4.0,3.0,4.0,4.0,6.0,3.0,3.0,1.0,1.0,1.0,4.0,2.0,3.0,3.0,5.0,4.0,6.0,3.0,6.0,3.0,5.0,4.0,5.0,4.0,6.0,6.0
104,163.0,1.0,1.0,41.0,0.0,1.0,1.0,2.0,6.0,5.0,6.0,6.0,6.0,6.0,6.0,6.0,2.0,4.0,5.0,2.0,3.0,5.0,5.0,4.0,6.0,5.0,5.0,3.0,5.0,5.0,3.0,6.0,6.0,6.0,6.0,6.0
105,165.0,5.0,5.0,28.0,1.0,1.0,0.0,6.0,2.0,3.0,3.0,4.0,3.0,3.0,2.0,2.0,2.0,3.0,2.0,3.0,3.0,4.0,3.0,3.0,4.0,3.0,5.0,4.0,3.0,4.0,2.0,3.0,3.0,3.0,2.0,3.0
106,166.0,5.0,4.0,33.0,1.0,3.0,0.0,6.0,2.0,5.0,4.0,3.0,3.0,5.0,3.0,4.0,4.0,3.0,3.0,4.0,3.0,3.0,2.0,3.0,3.0,4.0,4.0,4.0,4.0,4.0,3.0,3.0,4.0,3.0,2.0,4.0
107,167.0,3.0,16.0,38.0,0.0,2.0,1.0,2.0,4.0,6.0,4.0,4.0,3.0,3.0,3.0,4.0,2.0,5.0,3.0,3.0,2.0,2.0,3.0,2.0,3.0,5.0,4.0,4.0,4.0,6.0,3.0,5.0,3.0,6.0,3.0,4.0
108,168.0,3.0,10.0,36.0,0.0,3.0,0.0,5.0,4.0,6.0,4.0,6.0,6.0,6.0,4.0,3.0,3.0,2.0,4.0,3.0,4.0,3.0,3.0,4.0,3.0,3.0,4.0,5.0,5.0,5.0,5.0,5.0,4.0,5.0,6.0,6.0
109,169.0,3.0,8.0,32.0,0.0,3.0,3.0,3.0,2.0,5.0,2.0,5.0,2.0,5.0,2.0,3.0,1.0,1.0,1.0,1.0,1.0,1.0,1.0,1.0,3.0,3.0,3.0,4.0,4.0,4.0,2.0,4.0,3.0,3.0,2.0,4.0
110,170.0,1.0,10.0,36.0,0.0,3.0,2.0,6.0,4.0,6.0,6.0,4.0,4.0,4.0,3.0,3.0,2.0,4.0,3.0,3.0,3.0,3.0,2.0,3.0,4.0,3.0,4.0,3.0,4.0,5.0,6.0,6.0,5.0,5.0,6.0,6.0
111,171.0,3.0,9.0,32.0,0.0,3.0,0.0,4.0,6.0,6.0,4.0,6.0,5.0,6.0,3.0,5.0,6.0,3.0,3.0,3.0,3.0,4.0,5.0,5.0,4.0,4.0,5.0,5.0,5.0,6.0,3.0,5.0,5.0,5.0,5.0,6.0
112,172.0,4.0,5.0,31.0,0.0,3.0,0.0,6.0,5.0,3.0,5.0,5.0,5.0,3.0,6.0,4.0,6.0,4.0,4.0,4.0,4.0,4.0,2.0,2.0,4.0,2.0,5.0,5.0,5.0,4.0,4.0,4.0,5.0,3.0,6.0,3.0
113,173.0,5.0,1.0,23.0,0.0,3.0,0.0,5.0,3.0,4.0,2.0,4.0,3.0,4.0,4.0,4.0,1.0,2.0,2.0,2.0,4.0,4.0,3.0,3.0,4.0,4.0,5.0,5.0,4.0,5.0,4.0,5.0,2.0,4.0,5.0,5.0
114,175.0,5.0,8.0,33.0,0.0,3.0,0.0,6.0,2.0,5.0,4.0,6.0,2.0,5.0,2.0,3.0,1.0,4.0,1.0,2.0,2.0,3.0,2.0,4.0,5.0,5.0,5.0,5.0,2.0,5.0,3.0,3.0,5.0,5.0,3.0,4.0
115,177.0,1.0,9.0,44.0,0.0,3.0,0.0,6.0,5.0,5.0,5.0,5.0,5.0,5.0,5.0,6.0,6.0,5.0,2.0,4.0,2.0,3.0,3.0,3.0,3.0,3.0,3.0,4.0,5.0,6.0,5.0,5.0,6.0,6.0,6.0,6.0
116,178.0,1.0,3.0,49.0,0.0,3.0,1.0,5.0,6.0,5.0,6.0,6.0,4.0,5.0,6.0,5.0,6.0,4.0,5.0,6.0,5.0,6.0,3.0,3.0,6.0,6.0,6.0,6.0,6.0,5.0,4.0,5.0,5.0,6.0,6.0,6.0
117,181.0,1.0,15.0,47.0,0.0,3.0,2.0,6.0,5.0,5.0,6.0,5.0,5.0,4.0,3.0,6.0,1.0,6.0,2.0,4.0,3.0,4.0,5.0,6.0,5.0,5.0,5.0,6.0,5.0,5.0,4.0,4.0,4.0,6.0,5.0,5.0
118,184.0,4.0,3.0,36.0,1.0,2.0,0.0,6.0,2.0,1.0,2.0,4.0,2.0,2.0,2.0,3.0,1.0,6.0,1.0,6.0,3.0,5.0,1.0,1.0,6.0,6.0,1.0,5.0,2.0,5.0,5.0,4.0,5.0,6.0,1.0,2.0
119,185.0,2.0,1.0,25.0,0.0,1.0,0.0,6.0,4.0,3.0,4.0,4.0,3.0,3.0,6.0,6.0,2.0,1.0,1.0,2.0,2.0,2.0,1.0,1.0,2.0,3.0,3.0,3.0,1.0,1.0,4.0,4.0,5.0,5.0,3.0,3.0
120,187.0,5.0,5.0,45.0,1.0,2.0,1.0,5.0,3.0,3.0,4.0,4.0,4.0,3.0,4.0,2.0,2.0,2.0,1.0,2.0,3.0,4.0,3.0,3.0,4.0,4.0,3.0,5.0,4.0,4.0,2.0,4.0,5.0,4.0,4.0,5.0
121,188.0,1.0,11.0,59.0,0.0,3.0,0.0,5.0,4.0,6.0,4.0,6.0,3.0,5.0,5.0,5.0,2.0,4.0,3.0,2.0,3.0,4.0,3.0,4.0,5.0,5.0,6.0,5.0,5.0,6.0,6.0,5.0,6.0,5.0,4.0,5.0
122,189.0,2.0,30.0,57.0,0.0,3.0,0.0,1.0,5.0,2.0,5.0,2.0,5.0,4.0,6.0,4.0,6.0,1.0,4.0,4.0,6.0,3.0,4.0,3.0,4.0,3.0,4.0,4.0,6.0,5.0,6.0,4.0,6.0,4.0,6.0,4.0
123,190.0,3.0,6.0,45.0,0.0,3.0,0.0,5.0,3.0,6.0,3.0,5.0,3.0,6.0,2.0,3.0,3.0,2.0,2.0,2.0,2.0,3.0,4.0,3.0,2.0,3.0,3.0,3.0,4.0,4.0,3.0,3.0,3.0,4.0,2.0,5.0
124,191.0,5.0,4.0,39.0,1.0,3.0,2.0,6.0,3.0,3.0,2.0,6.0,3.0,4.0,3.0,4.0,4.0,5.0,2.0,5.0,6.0,6.0,3.0,2.0,5.0,5.0,6.0,5.0,4.0,5.0,2.0,3.0,6.0,6.0,3.0,6.0
125,192.0,3.0,1.0,32.0,0.0,3.0,0.0,6.0,2.0,6.0,4.0,6.0,2.0,4.0,1.0,1.0,1.0,1.0,1.0,2.0,2.0,3.0,5.0,5.0,4.0,2.0,2.0,4.0,4.0,6.0,4.0,5.0,2.0,4.0,2.0,5.0
126,193.0,2.0,5.0,49.0,1.0,3.0,0.0,6.0,4.0,6.0,4.0,6.0,4.0,6.0,3.0,6.0,6.0,6.0,6.0,6.0,6.0,6.0,3.0,3.0,5.0,5.0,3.0,4.0,6.0,6.0,3.0,3.0,6.0,6.0,6.0,6.0
127,195.0,2.0,5.0,44.0,0.0,3.0,0.0,6.0,2.0,4.0,2.0,5.0,2.0,4.0,5.0,6.0,4.0,3.0,1.0,2.0,1.0,2.0,1.0,2.0,2.0,4.0,6.0,6.0,5.0,6.0,5.0,5.0,3.0,6.0,2.0,6.0
128,197.0,4.0,22.0,49.0,1.0,3.0,3.0,3.0,4.0,4.0,5.0,5.0,4.0,4.0,5.0,3.0,6.0,1.0,1.0,1.0,1.0,1.0,6.0,6.0,3.0,4.0,4.0,4.0,3.0,4.0,3.0,2.0,5.0,6.0,4.0,4.0
129,198.0,2.0,8.0,44.0,1.0,3.0,0.0,5.0,5.0,5.0,4.0,5.0,4.0,4.0,3.0,3.0,2.0,3.0,3.0,3.0,2.0,3.0,3.0,3.0,4.0,3.0,3.0,4.0,3.0,3.0,3.0,3.0,4.0,3.0,4.0,3.0
130,199.0,1.0,1.0,48.0,1.0,3.0,3.0,6.0,5.0,5.0,5.0,5.0,5.0,5.0,5.0,5.0,5.0,5.0,5.0,5.0,4.0,4.0,3.0,4.0,5.0,5.0,5.0,5.0,5.0,5.0,5.0,5.0,5.0,5.0,5.0,5.0
131,200.0,1.0,1.0,35.0,0.0,3.0,0.0,4.0,5.0,4.0,3.0,3.0,5.0,4.0,2.0,3.0,1.0,1.0,1.0,1.0,2.0,3.0,3.0,3.0,1.0,3.0,6.0,5.0,4.0,3.0,2.0,4.0,3.0,4.0,4.0,4.0
132,202.0,1.0,5.0,34.0,0.0,1.0,0.0,6.0,5.0,5.0,6.0,5.0,3.0,4.0,5.0,5.0,5.0,5.0,3.0,3.0,4.0,3.0,2.0,3.0,4.0,3.0,3.0,5.0,5.0,6.0,6.0,5.0,5.0,5.0,5.0,5.0
133,203.0,2.0,4.0,45.0,0.0,3.0,2.0,4.0,2.0,6.0,1.0,5.0,1.0,5.0,2.0,5.0,1.0,6.0,1.0,4.0,1.0,4.0,2.0,6.0,2.0,5.0,4.0,5.0,2.0,5.0,2.0,5.0,2.0,4.0,1.0,5.0
134,204.0,1.0,4.0,31.0,1.0,3.0,0.0,2.0,4.0,3.0,5.0,5.0,5.0,5.0,2.0,2.0,4.0,4.0,2.0,2.0,2.0,2.0,1.0,1.0,5.0,5.0,3.0,5.0,6.0,6.0,4.0,4.0,3.0,4.0,2.0,4.0
135,205.0,2.0,11.0,54.0,0.0,2.0,0.0,4.0,4.0,5.0,5.0,5.0,5.0,4.0,5.0,2.0,4.0,3.0,2.0,3.0,2.0,5.0,3.0,2.0,5.0,3.0,5.0,3.0,4.0,5.0,3.0,4.0,3.0,6.0,3.0,2.0
136,206.0,1.0,7.0,40.0,0.0,2.0,0.0,4.0,5.0,3.0,4.0,4.0,5.0,4.0,3.0,4.0,5.0,4.0,3.0,3.0,2.0,2.0,4.0,4.0,3.0,4.0,4.0,4.0,4.0,5.0,5.0,4.0,3.0,4.0,4.0,6.0
137,207.0,5.0,1.0,28.0,0.0,3.0,0.0,6.0,2.0,4.0,2.0,3.0,1.0,2.0,1.0,2.0,1.0,1.0,1.0,1.0,2.0,4.0,1.0,3.0,4.0,4.0,5.0,6.0,5.0,5.0,3.0,3.0,2.0,4.0,1.0,2.0
138,211.0,3.0,9.0,32.0,0.0,3.0,2.0,6.0,3.0,5.0,4.0,5.0,3.0,5.0,4.0,4.0,3.0,4.0,3.0,4.0,2.0,4.0,2.0,4.0,4.0,4.0,4.0,4.0,3.0,5.0,3.0,5.0,3.0,5.0,3.0,6.0
139,212.0,5.0,34.0,60.0,0.0,2.0,0.0,2.0,3.0,5.0,2.0,5.0,2.0,5.0,6.0,5.0,1.0,6.0,1.0,6.0,2.0,5.0,1.0,4.0,5.0,6.0,6.0,5.0,6.0,5.0,5.0,5.0,5.0,6.0,4.0,6.0
140,215.0,3.0,7.0,31.0,1.0,3.0,0.0,4.0,3.0,6.0,4.0,5.0,1.0,5.0,4.0,4.0,6.0,6.0,2.0,2.0,2.0,4.0,2.0,3.0,5.0,5.0,6.0,6.0,5.0,5.0,6.0,5.0,6.0,6.0,5.0,5.0
141,220.0,5.0,10.0,37.0,0.0,3.0,1.0,6.0,4.0,4.0,4.0,2.0,3.0,5.0,5.0,4.0,2.0,4.0,3.0,5.0,2.0,4.0,2.0,4.0,5.0,6.0,6.0,5.0,3.0,4.0,2.0,5.0,4.0,5.0,3.0,5.0
142,224.0,2.0,1.0,30.0,0.0,3.0,2.0,3.0,5.0,4.0,5.0,5.0,3.0,3.0,5.0,3.0,6.0,3.0,3.0,3.0,4.0,4.0,4.0,3.0,3.0,3.0,5.0,6.0,5.0,4.0,6.0,3.0,4.0,5.0,5.0,3.0
143,225.0,5.0,10.0,45.0,1.0,2.0,2.0,6.0,3.0,4.0,4.0,6.0,4.0,5.0,4.0,5.0,4.0,4.0,1.0,4.0,2.0,4.0,4.0,3.0,4.0,5.0,4.0,5.0,4.0,5.0,4.0,5.0,4.0,5.0,4.0,5.0
144,226.0,3.0,7.0,37.0,0.0,2.0,0.0,4.0,5.0,6.0,6.0,6.0,6.0,6.0,5.0,4.0,2.0,4.0,2.0,4.0,4.0,2.0,2.0,2.0,4.0,4.0,5.0,6.0,6.0,5.0,5.0,5.0,5.0,4.0,6.0,6.0
145,227.0,3.0,14.0,39.0,0.0,2.0,1.0,6.0,3.0,3.0,2.0,3.0,2.0,3.0,1.0,2.0,4.0,3.0,1.0,2.0,2.0,2.0,2.0,3.0,3.0,3.0,3.0,6.0,3.0,3.0,2.0,4.0,3.0,4.0,2.0,2.0
146,230.0,2.0,8.0,35.0,0.0,2.0,0.0,5.0,2.0,3.0,2.0,5.0,2.0,3.0,3.0,4.0,2.0,3.0,3.0,3.0,3.0,5.0,2.0,3.0,3.0,6.0,4.0,6.0,2.0,4.0,3.0,4.0,4.0,5.0,2.0,5.0
147,231.0,1.0,10.0,35.0,0.0,2.0,2.0,2.0,5.0,3.0,4.0,3.0,3.0,3.0,3.0,3.0,3.0,2.0,3.0,3.0,4.0,4.0,3.0,2.0,4.0,4.0,5.0,5.0,4.0,5.0,4.0,4.0,4.0,4.0,4.0,3.0
148,232.0,2.0,1.0,32.0,0.0,2.0,2.0,6.0,4.0,6.0,4.0,5.0,4.0,6.0,2.0,3.0,3.0,2.0,2.0,3.0,3.0,4.0,2.0,2.0,2.0,5.0,4.0,5.0,3.0,4.0,2.0,4.0,2.0,5.0,3.0,6.0
149,233.0,2.0,2.0,32.0,0.0,1.0,0.0,5.0,4.0,5.0,5.0,6.0,6.0,5.0,6.0,5.0,6.0,5.0,6.0,3.0,5.0,5.0,5.0,4.0,5.0,5.0,5.0,5.0,5.0,6.0,5.0,5.0,5.0,5.0,6.0,6.0
150,235.0,1.0,30.0,55.0,0.0,3.0,1.0,6.0,5.0,5.0,5.0,5.0,4.0,4.0,2.0,3.0,2.0,4.0,1.0,1.0,4.0,5.0,1.0,1.0,6.0,6.0,6.0,6.0,6.0,6.0,6.0,6.0,6.0,6.0,6.0,6.0
151,240.0,3.0,12.0,37.0,0.0,2.0,0.0,5.0,2.0,2.0,1.0,3.0,1.0,2.0,1.0,1.0,1.0,2.0,1.0,1.0,1.0,1.0,1.0,1.0,1.0,1.0,2.0,4.0,3.0,3.0,1.0,1.0,1.0,1.0,1.0,1.0
152,241.0,2.0,11.0,40.0,0.0,2.0,0.0,6.0,5.0,5.0,4.0,6.0,5.0,6.0,1.0,1.0,6.0,6.0,5.0,4.0,5.0,5.0,5.0,5.0,3.0,3.0,4.0,5.0,5.0,6.0,2.0,5.0,2.0,3.0,4.0,6.0
153,242.0,5.0,11.0,37.0,1.0,3.0,2.0,6.0,1.0,3.0,1.0,4.0,1.0,5.0,1.0,1.0,1.0,1.0,1.0,1.0,1.0,2.0,1.0,2.0,2.0,3.0,3.0,4.0,4.0,4.0,2.0,3.0,2.0,4.0,1.0,6.0
154,246.0,2.0,7.0,41.0,0.0,2.0,0.0,5.0,5.0,4.0,4.0,5.0,3.0,4.0,5.0,4.0,1.0,3.0,2.0,3.0,2.0,5.0,2.0,3.0,6.0,5.0,3.0,4.0,4.0,6.0,4.0,4.0,3.0,4.0,3.0,5.0
155,249.0,1.0,5.0,40.0,1.0,3.0,0.0,6.0,3.0,5.0,4.0,6.0,3.0,5.0,3.0,3.0,2.0,3.0,2.0,2.0,2.0,4.0,2.0,2.0,5.0,5.0,4.0,5.0,3.0,4.0,6.0,6.0,6.0,6.0,4.0,5.0
156,252.0,3.0,4.0,31.0,0.0,1.0,0.0,6.0,3.0,4.0,4.0,5.0,4.0,5.0,3.0,3.0,3.0,4.0,2.0,2.0,3.0,4.0,3.0,3.0,4.0,4.0,3.0,4.0,4.0,4.0,4.0,4.0,3.0,5.0,4.0,3.0
157,253.0,2.0,12.0,53.0,0.0,1.0,0.0,2.0,3.0,6.0,3.0,6.0,3.0,6.0,2.0,4.0,1.0,6.0,1.0,6.0,1.0,3.0,1.0,5.0,5.0,5.0,5.0,5.0,5.0,5.0,1.0,6.0,5.0,5.0,3.0,6.0
158,254.0,5.0,7.0,38.0,1.0,3.0,2.0,5.0,4.0,6.0,4.0,5.0,5.0,5.0,4.0,4.0,6.0,6.0,4.0,4.0,3.0,3.0,4.0,4.0,4.0,4.0,4.0,4.0,4.0,4.0,3.0,4.0,4.0,4.0,5.0,6.0
159,255.0,5.0,5.0,28.0,1.0,3.0,1.0,6.0,4.0,4.0,4.0,6.0,3.0,5.0,2.0,2.0,1.0,2.0,1.0,1.0,3.0,3.0,1.0,1.0,3.0,3.0,4.0,4.0,4.0,5.0,3.0,4.0,4.0,5.0,2.0,4.0
160,258.0,3.0,8.0,41.0,0.0,2.0,0.0,4.0,3.0,6.0,3.0,3.0,5.0,6.0,1.0,5.0,1.0,6.0,2.0,5.0,2.0,3.0,1.0,6.0,2.0,6.0,3.0,5.0,3.0,5.0,1.0,4.0,3.0,4.0,3.0,6.0
161,260.0,4.0,4.0,33.0,1.0,2.0,0.0,6.0,3.0,4.0,4.0,5.0,2.0,4.0,1.0,1.0,1.0,2.0,1.0,1.0,3.0,2.0,1.0,2.0,3.0,3.0,3.0,4.0,4.0,4.0,3.0,4.0,2.0,1.0,2.0,4.0
162,262.0,5.0,2.0,41.0,1.0,3.0,1.0,6.0,4.0,6.0,6.0,6.0,6.0,6.0,4.0,3.0,4.0,2.0,2.0,3.0,3.0,4.0,3.0,4.0,5.0,6.0,6.0,4.0,4.0,4.0,5.0,4.0,6.0,6.0,5.0,5.0
163,264.0,4.0,9.0,39.0,0.0,3.0,0.0,5.0,2.0,4.0,2.0,4.0,2.0,3.0,1.0,2.0,2.0,5.0,1.0,2.0,2.0,1.0,4.0,1.0,4.0,4.0,3.0,4.0,3.0,4.0,1.0,3.0,4.0,4.0,2.0,3.0
164,267.0,5.0,3.0,40.0,0.0,3.0,2.0,6.0,4.0,5.0,3.0,3.0,4.0,5.0,2.0,2.0,2.0,2.0,3.0,1.0,3.0,2.0,5.0,4.0,5.0,5.0,5.0,5.0,4.0,5.0,2.0,3.0,6.0,6.0,3.0,5.0
165,268.0,2.0,18.0,50.0,0.0,2.0,1.0,4.0,1.0,6.0,1.0,5.0,1.0,6.0,5.0,4.0,1.0,5.0,1.0,5.0,1.0,4.0,1.0,4.0,6.0,6.0,6.0,6.0,2.0,4.0,2.0,5.0,6.0,5.0,1.0,6.0
166,269.0,4.0,3.0,41.0,0.0,3.0,0.0,5.0,5.0,6.0,4.0,5.0,5.0,5.0,5.0,2.0,2.0,2.0,5.0,4.0,4.0,4.0,2.0,5.0,4.0,4.0,6.0,5.0,5.0,4.0,4.0,5.0,5.0,5.0,5.0,6.0
167,270.0,4.0,1.0,60.0,0.0,3.0,0.0,2.0,5.0,6.0,6.0,6.0,6.0,6.0,6.0,6.0,5.0,6.0,5.0,4.0,5.0,6.0,6.0,6.0,6.0,6.0,6.0,6.0,5.0,6.0,6.0,6.0,6.0,6.0,6.0,6.0
168,272.0,1.0,1.0,39.0,1.0,3.0,0.0,6.0,4.0,5.0,4.0,5.0,4.0,4.0,2.0,3.0,1.0,1.0,1.0,1.0,1.0,1.0,4.0,4.0,2.0,2.0,2.0,2.0,3.0,4.0,6.0,6.0,5.0,6.0,4.0,4.0
169,274.0,5.0,9.0,33.0,1.0,3.0,0.0,6.0,2.0,3.0,2.0,4.0,1.0,1.0,1.0,1.0,1.0,1.0,1.0,1.0,1.0,2.0,1.0,2.0,1.0,1.0,2.0,2.0,3.0,4.0,2.0,3.0,5.0,5.0,1.0,3.0
170,275.0,1.0,5.0,43.0,0.0,3.0,0.0,3.0,5.0,5.0,5.0,5.0,4.0,4.0,6.0,5.0,4.0,4.0,3.0,3.0,4.0,4.0,2.0,2.0,3.0,3.0,5.0,3.0,6.0,5.0,4.0,4.0,3.0,4.0,4.0,4.0
171,278.0,2.0,1.0,30.0,0.0,3.0,2.0,6.0,4.0,5.0,6.0,6.0,3.0,6.0,4.0,4.0,4.0,6.0,2.0,3.0,2.0,4.0,2.0,2.0,4.0,4.0,4.0,4.0,4.0,6.0,4.0,5.0,5.0,5.0,3.0,6.0
172,280.0,1.0,15.0,42.0,0.0,3.0,3.0,6.0,5.0,6.0,5.0,6.0,4.0,5.0,6.0,3.0,6.0,4.0,4.0,4.0,5.0,3.0,5.0,4.0,6.0,6.0,5.0,5.0,4.0,3.0,5.0,3.0,4.0,4.0,6.0,6.0
173,281.0,4.0,1.0,40.0,0.0,3.0,2.0,6.0,3.0,3.0,3.0,3.0,3.0,3.0,3.0,3.0,3.0,3.0,2.0,3.0,3.0,3.0,3.0,3.0,3.0,2.0,3.0,4.0,3.0,3.0,3.0,3.0,3.0,3.0,4.0,3.0
174,282.0,3.0,5.0,38.0,0.0,3.0,0.0,5.0,6.0,6.0,5.0,6.0,4.0,6.0,3.0,2.0,3.0,3.0,3.0,1.0,2.0,2.0,2.0,2.0,2.0,2.0,3.0,3.0,4.0,4.0,2.0,3.0,4.0,3.0,3.0,3.0
175,286.0,5.0,11.0,46.0,1.0,3.0,2.0,6.0,2.0,5.0,3.0,5.0,2.0,5.0,2.0,3.0,1.0,3.0,1.0,3.0,2.0,2.0,1.0,3.0,4.0,4.0,5.0,5.0,5.0,5.0,2.0,3.0,4.0,4.0,3.0,4.0
176,289.0,1.0,2.0,27.0,0.0,3.0,0.0,3.0,5.0,5.0,4.0,5.0,4.0,5.0,3.0,4.0,1.0,4.0,3.0,3.0,3.0,2.0,3.0,3.0,4.0,4.0,4.0,4.0,4.0,3.0,2.0,4.0,3.0,4.0,3.0,4.0
177,290.0,2.0,1.0,23.0,1.0,1.0,0.0,4.0,5.0,6.0,5.0,5.0,4.0,5.0,1.0,2.0,3.0,5.0,1.0,1.0,1.0,3.0,3.0,1.0,1.0,2.0,4.0,4.0,3.0,4.0,3.0,3.0,4.0,4.0,1.0,3.0
178,294.0,1.0,1.0,27.0,0.0,3.0,2.0,3.0,4.0,6.0,4.0,6.0,4.0,6.0,2.0,4.0,6.0,3.0,3.0,3.0,3.0,4.0,3.0,3.0,6.0,6.0,6.0,6.0,6.0,6.0,4.0,4.0,4.0,6.0,6.0,6.0
179,297.0,1.0,6.0,31.0,0.0,3.0,1.0,6.0,2.0,6.0,2.0,5.0,2.0,6.0,2.0,4.0,3.0,5.0,1.0,2.0,1.0,3.0,1.0,2.0,3.0,4.0,3.0,4.0,3.0,5.0,3.0,4.0,3.0,6.0,2.0,6.0
180,299.0,1.0,25.0,53.0,1.0,3.0,1.0,6.0,4.0,5.0,5.0,6.0,4.0,5.0,5.0,5.0,4.0,5.0,1.0,1.0,3.0,3.0,2.0,2.0,5.0,5.0,5.0,4.0,5.0,6.0,4.0,4.0,6.0,6.0,6.0,6.0
181,300.0,2.0,15.0,38.0,0.0,3.0,3.0,6.0,4.0,6.0,4.0,5.0,4.0,6.0,4.0,5.0,4.0,3.0,2.0,5.0,3.0,5.0,2.0,3.0,3.0,3.0,4.0,3.0,4.0,5.0,3.0,5.0,3.0,3.0,3.0,6.0
182,302.0,1.0,22.0,47.0,1.0,3.0,2.0,3.0,5.0,6.0,6.0,5.0,4.0,5.0,6.0,4.0,1.0,2.0,4.0,3.0,5.0,5.0,3.0,2.0,5.0,5.0,6.0,5.0,5.0,5.0,5.0,5.0,6.0,6.0,6.0,6.0
183,303.0,1.0,21.0,46.0,1.0,3.0,0.0,5.0,5.0,5.0,6.0,6.0,3.0,4.0,3.0,5.0,4.0,4.0,4.0,4.0,4.0,5.0,4.0,4.0,5.0,5.0,4.0,5.0,4.0,5.0,3.0,5.0,5.0,5.0,6.0,6.0
184,307.0,2.0,16.0,43.0,0.0,3.0,0.0,6.0,4.0,5.0,4.0,5.0,4.0,4.0,3.0,3.0,3.0,1.0,2.0,3.0,1.0,3.0,3.0,3.0,3.0,3.0,3.0,3.0,4.0,3.0,3.0,3.0,3.0,3.0,3.0,3.0
185,309.0,2.0,4.0,30.0,1.0,3.0,0.0,6.0,2.0,5.0,3.0,5.0,3.0,5.0,3.0,5.0,1.0,5.0,3.0,4.0,2.0,4.0,2.0,3.0,2.0,3.0,3.0,3.0,3.0,3.0,2.0,3.0,2.0,3.0,4.0,5.0
186,310.0,1.0,30.0,61.0,0.0,2.0,0.0,5.0,2.0,4.0,2.0,4.0,2.0,4.0,4.0,4.0,4.0,5.0,2.0,4.0,2.0,4.0,3.0,4.0,4.0,4.0,4.0,4.0,4.0,5.0,3.0,5.0,3.0,4.0,4.0,4.0
187,312.0,2.0,15.0,47.0,1.0,3.0,0.0,6.0,4.0,3.0,4.0,4.0,4.0,3.0,3.0,3.0,6.0,6.0,1.0,2.0,1.0,3.0,1.0,1.0,4.0,4.0,6.0,6.0,3.0,6.0,2.0,4.0,3.0,5.0,2.0,6.0
188,313.0,2.0,10.0,50.0,1.0,3.0,0.0,6.0,5.0,5.0,4.0,5.0,4.0,5.0,3.0,4.0,6.0,6.0,2.0,5.0,5.0,6.0,5.0,5.0,5.0,6.0,6.0,6.0,6.0,6.0,5.0,5.0,5.0,5.0,5.0,6.0
189,315.0,1.0,7.0,35.0,1.0,3.0,1.0,6.0,4.0,6.0,4.0,6.0,4.0,6.0,3.0,4.0,3.0,3.0,2.0,2.0,3.0,4.0,5.0,5.0,4.0,5.0,5.0,6.0,5.0,5.0,4.0,5.0,5.0,6.0,6.0,6.0
190,317.0,1.0,15.0,45.0,0.0,2.0,2.0,6.0,6.0,6.0,6.0,6.0,6.0,6.0,6.0,6.0,6.0,6.0,6.0,6.0,6.0,6.0,3.0,3.0,6.0,6.0,5.0,5.0,6.0,6.0,6.0,6.0,6.0,6.0,6.0,6.0
191,318.0,3.0,1.0,31.0,0.0,3.0,0.0,6.0,1.0,2.0,1.0,2.0,1.0,2.0,1.0,3.0,1.0,2.0,2.0,2.0,2.0,3.0,1.0,2.0,3.0,3.0,3.0,2.0,2.0,3.0,1.0,3.0,1.0,3.0,1.0,3.0
192,323.0,2.0,1.0,38.0,0.0,3.0,1.0,6.0,5.0,6.0,4.0,2.0,4.0,2.0,2.0,6.0,5.0,6.0,2.0,6.0,5.0,5.0,4.0,2.0,4.0,5.0,6.0,6.0,5.0,6.0,3.0,6.0,6.0,5.0,2.0,6.0
193,324.0,1.0,17.0,54.0,1.0,3.0,1.0,3.0,3.0,3.0,4.0,5.0,3.0,5.0,5.0,5.0,2.0,3.0,2.0,2.0,1.0,1.0,2.0,2.0,4.0,4.0,3.0,3.0,5.0,3.0,2.0,2.0,5.0,5.0,6.0,3.0
194,325.0,4.0,8.0,32.0,0.0,3.0,2.0,6.0,5.0,6.0,5.0,6.0,4.0,6.0,4.0,6.0,6.0,6.0,3.0,3.0,4.0,4.0,5.0,5.0,5.0,5.0,5.0,5.0,5.0,6.0,4.0,4.0,6.0,6.0,5.0,6.0
195,327.0,1.0,2.0,52.0,1.0,1.0,0.0,6.0,3.0,5.0,3.0,4.0,3.0,5.0,2.0,5.0,2.0,5.0,1.0,4.0,3.0,3.0,2.0,3.0,4.0,4.0,3.0,4.0,4.0,4.0,4.0,4.0,4.0,5.0,4.0,5.0
196,328.0,1.0,24.0,52.0,1.0,2.0,1.0,3.0,5.0,3.0,4.0,2.0,2.0,2.0,4.0,3.0,4.0,1.0,1.0,1.0,5.0,4.0,2.0,2.0,3.0,3.0,3.0,5.0,6.0,4.0,5.0,4.0,3.0,2.0,2.0,2.0
197,329.0,2.0,5.0,43.0,1.0,2.0,0.0,6.0,5.0,3.0,6.0,5.0,6.0,4.0,6.0,6.0,6.0,6.0,5.0,5.0,4.0,3.0,4.0,3.0,5.0,5.0,6.0,6.0,6.0,6.0,6.0,4.0,6.0,6.0,6.0,6.0
198,331.0,2.0,19.0,40.0,0.0,1.0,0.0,3.0,1.0,2.0,1.0,2.0,1.0,1.0,2.0,2.0,1.0,1.0,1.0,2.0,1.0,3.0,2.0,2.0,2.0,2.0,4.0,4.0,1.0,3.0,1.0,3.0,3.0,4.0,1.0,2.0
199,332.0,2.0,28.0,59.0,0.0,2.0,0.0,6.0,2.0,3.0,2.0,3.0,2.0,2.0,2.0,3.0,1.0,4.0,1.0,1.0,2.0,2.0,3.0,3.0,4.0,5.0,5.0,6.0,4.0,6.0,5.0,5.0,2.0,2.0,2.0,2.0
200,334.0,1.0,5.0,45.0,1.0,3.0,5.0,6.0,4.0,5.0,4.0,5.0,4.0,5.0,4.0,4.0,6.0,6.0,4.0,4.0,5.0,5.0,1.0,1.0,4.0,5.0,4.0,4.0,6.0,6.0,6.0,6.0,5.0,4.0,6.0,5.0
201,336.0,1.0,3.0,44.0,0.0,3.0,2.0,2.0,4.0,4.0,4.0,4.0,4.0,3.0,3.0,2.0,4.0,2.0,4.0,2.0,3.0,3.0,4.0,3.0,2.0,3.0,3.0,4.0,3.0,3.0,5.0,4.0,2.0,3.0,4.0,4.0
202,337.0,3.0,11.0,51.0,0.0,3.0,0.0,3.0,3.0,5.0,4.0,6.0,3.0,5.0,4.0,5.0,2.0,4.0,2.0,2.0,3.0,4.0,2.0,3.0,4.0,4.0,4.0,6.0,4.0,4.0,5.0,5.0,4.0,4.0,3.0,6.0
203,338.0,2.0,13.0,43.0,0.0,3.0,0.0,3.0,3.0,1.0,3.0,2.0,1.0,1.0,5.0,5.0,5.0,2.0,1.0,1.0,2.0,3.0,4.0,3.0,3.0,2.0,3.0,3.0,4.0,2.0,1.0,4.0,4.0,3.0,3.0,2.0
204,339.0,5.0,5.0,59.0,1.0,3.0,0.0,3.0,3.0,5.0,5.0,6.0,4.0,6.0,6.0,6.0,6.0,5.0,3.0,3.0,3.0,3.0,2.0,3.0,5.0,5.0,5.0,5.0,6.0,6.0,6.0,6.0,6.0,6.0,6.0,6.0
205,340.0,2.0,13.0,43.0,0.0,3.0,0.0,3.0,2.0,2.0,2.0,2.0,2.0,2.0,2.0,1.0,1.0,1.0,1.0,1.0,2.0,2.0,3.0,2.0,2.0,2.0,5.0,2.0,5.0,2.0,2.0,2.0,4.0,3.0,1.0,1.0
206,341.0,2.0,10.0,33.0,0.0,2.0,1.0,5.0,1.0,1.0,2.0,2.0,1.0,1.0,2.0,2.0,5.0,5.0,1.0,1.0,3.0,4.0,1.0,2.0,3.0,3.0,4.0,5.0,4.0,4.0,3.0,4.0,4.0,3.0,2.0,4.0
207,342.0,2.0,1.0,48.0,0.0,2.0,1.0,3.0,5.0,2.0,5.0,3.0,4.0,2.0,5.0,5.0,5.0,1.0,5.0,1.0,6.0,2.0,4.0,1.0,5.0,4.0,5.0,3.0,4.0,2.0,6.0,5.0,6.0,6.0,6.0,2.0
208,343.0,3.0,25.0,51.0,0.0,3.0,1.0,3.0,2.0,5.0,3.0,4.0,2.0,4.0,4.0,2.0,4.0,4.0,1.0,2.0,3.0,5.0,2.0,3.0,3.0,3.0,4.0,5.0,3.0,4.0,2.0,4.0,4.0,4.0,3.0,4.0
209,344.0,1.0,10.0,72.0,0.0,2.0,0.0,6.0,6.0,6.0,5.0,6.0,6.0,6.0,6.0,6.0,6.0,6.0,5.0,6.0,6.0,6.0,6.0,6.0,6.0,6.0,6.0,5.0,6.0,6.0,6.0,6.0,6.0,6.0,6.0,6.0
210,345.0,3.0,8.0,61.0,1.0,3.0,0.0,5.0,6.0,6.0,6.0,6.0,5.0,6.0,5.0,5.0,5.0,5.0,4.0,6.0,5.0,5.0,5.0,5.0,5.0,5.0,5.0,5.0,5.0,6.0,6.0,6.0,5.0,5.0,5.0,6.0
211,346.0,4.0,20.0,45.0,0.0,2.0,0.0,4.0,3.0,4.0,4.0,4.0,3.0,4.0,3.0,3.0,1.0,3.0,1.0,4.0,3.0,3.0,3.0,4.0,4.0,5.0,4.0,4.0,3.0,4.0,3.0,4.0,4.0,4.0,3.0,4.0
212,347.0,3.0,10.0,51.0,1.0,3.0,4.0,6.0,4.0,6.0,4.0,6.0,2.0,6.0,5.0,6.0,4.0,5.0,5.0,5.0,4.0,6.0,4.0,6.0,4.0,6.0,2.0,6.0,2.0,6.0,3.0,6.0,5.0,6.0,3.0,6.0
213,349.0,3.0,12.0,47.0,0.0,2.0,0.0,5.0,2.0,4.0,2.0,5.0,2.0,4.0,1.0,3.0,1.0,4.0,1.0,1.0,1.0,1.0,1.0,3.0,4.0,3.0,4.0,3.0,3.0,3.0,2.0,3.0,3.0,3.0,2.0,3.0
214,353.0,4.0,16.0,53.0,0.0,3.0,0.0,3.0,4.0,4.0,4.0,4.0,4.0,4.0,4.0,3.0,2.0,2.0,1.0,1.0,1.0,1.0,1.0,1.0,3.0,2.0,6.0,3.0,4.0,4.0,3.0,3.0,3.0,2.0,3.0,3.0
215,354.0,5.0,19.0,31.0,0.0,1.0,0.0,6.0,5.0,5.0,5.0,5.0,4.0,4.0,4.0,3.0,4.0,3.0,2.0,2.0,2.0,2.0,2.0,2.0,3.0,3.0,3.0,4.0,4.0,4.0,3.0,3.0,3.0,4.0,3.0,2.0
216,355.0,1.0,1.0,56.0,1.0,3.0,0.0,6.0,2.0,3.0,2.0,4.0,2.0,4.0,2.0,3.0,1.0,3.0,1.0,1.0,1.0,2.0,1.0,1.0,2.0,3.0,3.0,3.0,1.0,2.0,1.0,3.0,3.0,4.0,1.0,3.0
217,362.0,5.0,18.0,62.0,0.0,2.0,0.0,5.0,4.0,4.0,4.0,3.0,4.0,4.0,3.0,2.0,5.0,2.0,2.0,2.0,2.0,2.0,2.0,2.0,4.0,4.0,5.0,4.0,5.0,3.0,5.0,3.0,5.0,4.0,4.0,3.0
218,363.0,1.0,3.0,34.0,0.0,3.0,0.0,2.0,3.0,6.0,3.0,5.0,3.0,4.0,4.0,2.0,4.0,3.0,1.0,2.0,3.0,3.0,2.0,2.0,4.0,4.0,4.0,4.0,4.0,3.0,3.0,4.0,4.0,6.0,3.0,6.0
219,365.0,3.0,3.0,43.0,0.0,3.0,0.0,4.0,3.0,3.0,3.0,3.0,2.0,3.0,3.0,3.0,1.0,4.0,1.0,2.0,3.0,5.0,4.0,3.0,2.0,2.0,3.0,3.0,3.0,5.0,2.0,3.0,3.0,3.0,2.0,3.0
220,369.0,3.0,6.0,36.0,0.0,3.0,0.0,5.0,2.0,6.0,2.0,3.0,4.0,5.0,1.0,2.0,2.0,2.0,1.0,2.0,3.0,3.0,2.0,4.0,2.0,2.0,4.0,5.0,2.0,2.0,2.0,3.0,6.0,6.0,2.0,3.0
221,372.0,5.0,1.0,33.0,1.0,3.0,0.0,6.0,3.0,4.0,3.0,4.0,4.0,5.0,1.0,2.0,4.0,4.0,2.0,3.0,2.0,4.0,5.0,3.0,1.0,2.0,4.0,5.0,5.0,6.0,2.0,2.0,3.0,3.0,2.0,2.0
222,377.0,3.0,6.0,39.0,0.0,3.0,0.0,6.0,6.0,6.0,6.0,6.0,6.0,4.0,3.0,3.0,4.0,4.0,2.0,2.0,4.0,2.0,2.0,1.0,4.0,3.0,6.0,6.0,4.0,4.0,4.0,4.0,4.0,4.0,4.0,5.0
223,378.0,2.0,9.0,41.0,0.0,3.0,2.0,6.0,2.0,4.0,5.0,4.0,4.0,4.0,1.0,1.0,4.0,4.0,1.0,1.0,1.0,1.0,2.0,3.0,4.0,4.0,4.0,6.0,3.0,4.0,3.0,4.0,5.0,5.0,2.0,2.0
224,379.0,1.0,2.0,29.0,0.0,1.0,0.0,5.0,1.0,4.0,3.0,4.0,4.0,4.0,1.0,1.0,1.0,1.0,1.0,1.0,1.0,1.0,2.0,2.0,2.0,2.0,4.0,3.0,4.0,4.0,2.0,2.0,3.0,4.0,1.0,1.0
225,384.0,3.0,7.0,42.0,0.0,3.0,2.0,6.0,3.0,3.0,4.0,3.0,3.0,3.0,4.0,3.0,3.0,2.0,3.0,2.0,2.0,2.0,1.0,1.0,4.0,3.0,3.0,4.0,4.0,4.0,2.0,3.0,6.0,6.0,4.0,2.0
226,386.0,1.0,20.0,50.0,0.0,3.0,1.0,2.0,4.0,4.0,5.0,5.0,4.0,5.0,5.0,4.0,5.0,6.0,3.0,2.0,4.0,4.0,4.0,6.0,6.0,6.0,5.0,4.0,6.0,5.0,6.0,6.0,5.0,4.0,5.0,6.0
227,387.0,1.0,8.0,48.0,0.0,3.0,1.0,4.0,2.0,5.0,2.0,6.0,2.0,5.0,2.0,5.0,1.0,4.0,2.0,5.0,3.0,5.0,3.0,4.0,4.0,5.0,2.0,3.0,5.0,6.0,3.0,6.0,4.0,5.0,2.0,6.0
228,389.0,1.0,3.0,50.0,1.0,3.0,1.0,5.0,4.0,4.0,4.0,4.0,4.0,4.0,4.0,2.0,4.0,2.0,2.0,2.0,2.0,2.0,4.0,2.0,2.0,4.0,4.0,4.0,4.0,5.0,3.0,4.0,4.0,4.0,4.0,4.0
229,392.0,2.0,4.0,42.0,1.0,3.0,3.0,6.0,4.0,5.0,6.0,6.0,5.0,4.0,1.0,2.0,6.0,4.0,2.0,3.0,3.0,3.0,4.0,5.0,4.0,4.0,6.0,6.0,5.0,5.0,5.0,3.0,3.0,5.0,4.0,6.0
230,394.0,1.0,9.0,52.0,1.0,3.0,0.0,4.0,5.0,6.0,5.0,5.0,5.0,5.0,4.0,4.0,2.0,3.0,3.0,3.0,4.0,4.0,3.0,3.0,5.0,4.0,5.0,4.0,4.0,3.0,4.0,4.0,5.0,5.0,4.0,4.0
231,395.0,1.0,21.0,64.0,1.0,3.0,0.0,1.0,5.0,5.0,5.0,4.0,5.0,4.0,6.0,3.0,5.0,5.0,3.0,3.0,3.0,3.0,3.0,3.0,3.0,4.0,5.0,4.0,5.0,6.0,5.0,4.0,4.0,5.0,6.0,6.0
232,396.0,1.0,13.0,54.0,1.0,3.0,0.0,4.0,6.0,5.0,5.0,5.0,4.0,4.0,4.0,4.0,2.0,2.0,2.0,2.0,2.0,2.0,2.0,2.0,4.0,4.0,5.0,4.0,4.0,4.0,4.0,3.0,4.0,4.0,5.0,5.0
233,398.0,2.0,16.0,48.0,1.0,3.0,2.0,5.0,3.0,4.0,4.0,5.0,4.0,5.0,3.0,4.0,5.0,2.0,1.0,1.0,1.0,2.0,2.0,2.0,4.0,3.0,5.0,5.0,4.0,5.0,3.0,3.0,6.0,6.0,5.0,5.0
234,399.0,2.0,14.0,49.0,1.0,3.0,0.0,3.0,4.0,6.0,4.0,6.0,4.0,6.0,4.0,4.0,5.0,6.0,2.0,2.0,3.0,4.0,3.0,4.0,4.0,4.0,4.0,4.0,5.0,6.0,4.0,4.0,3.0,4.0,4.0,6.0
235,400.0,2.0,4.0,37.0,0.0,2.0,0.0,4.0,2.0,3.0,2.0,3.0,2.0,3.0,3.0,4.0,2.0,3.0,2.0,2.0,3.0,3.0,2.0,3.0,3.0,1.0,2.0,2.0,2.0,2.0,6.0,6.0,3.0,3.0,2.0,2.0
236,402.0,3.0,4.0,35.0,0.0,3.0,2.0,4.0,3.0,5.0,3.0,5.0,3.0,4.0,4.0,3.0,4.0,1.0,2.0,4.0,3.0,4.0,2.0,4.0,4.0,3.0,4.0,4.0,4.0,5.0,4.0,5.0,4.0,4.0,3.0,4.0
237,405.0,2.0,3.0,31.0,0.0,3.0,0.0,3.0,3.0,4.0,4.0,5.0,2.0,4.0,6.0,2.0,6.0,2.0,3.0,3.0,2.0,3.0,2.0,4.0,4.0,3.0,6.0,5.0,4.0,3.0,3.0,4.0,5.0,3.0,3.0,5.0
238,407.0,2.0,5.0,46.0,1.0,1.0,0.0,4.0,3.0,2.0,3.0,2.0,2.0,2.0,2.0,2.0,3.0,3.0,2.0,2.0,1.0,2.0,2.0,2.0,4.0,5.0,5.0,2.0,2.0,4.0,3.0,2.0,4.0,5.0,1.0,2.0
239,408.0,2.0,4.0,33.0,0.0,3.0,0.0,2.0,5.0,5.0,5.0,6.0,4.0,6.0,5.0,5.0,6.0,6.0,4.0,4.0,4.0,6.0,5.0,6.0,5.0,5.0,6.0,6.0,6.0,6.0,5.0,6.0,6.0,5.0,4.0,6.0
240,411.0,1.0,4.0,33.0,0.0,1.0,0.0,3.0,6.0,5.0,6.0,6.0,5.0,5.0,6.0,6.0,6.0,3.0,6.0,2.0,5.0,4.0,2.0,2.0,6.0,5.0,6.0,4.0,4.0,4.0,6.0,6.0,5.0,3.0,6.0,2.0
241,415.0,1.0,1.0,20.0,1.0,1.0,0.0,2.0,5.0,5.0,5.0,6.0,5.0,5.0,5.0,5.0,5.0,6.0,5.0,5.0,5.0,5.0,5.0,5.0,6.0,6.0,5.0,4.0,6.0,6.0,5.0,5.0,6.0,6.0,6.0,6.0
242,416.0,2.0,1.0,62.0,0.0,3.0,0.0,4.0,5.0,4.0,4.0,4.0,5.0,4.0,4.0,5.0,1.0,1.0,4.0,1.0,4.0,3.0,3.0,2.0,2.0,3.0,4.0,4.0,3.0,2.0,2.0,4.0,3.0,4.0,5.0,2.0
243,418.0,1.0,3.0,37.0,1.0,3.0,0.0,6.0,4.0,5.0,6.0,6.0,5.0,5.0,4.0,4.0,4.0,6.0,5.0,5.0,5.0,5.0,4.0,5.0,4.0,4.0,4.0,4.0,5.0,6.0,6.0,6.0,5.0,5.0,5.0,5.0
244,419.0,3.0,1.0,35.0,1.0,3.0,1.0,6.0,3.0,5.0,4.0,6.0,5.0,5.0,5.0,3.0,6.0,4.0,2.0,4.0,3.0,3.0,3.0,3.0,4.0,4.0,5.0,5.0,4.0,4.0,4.0,4.0,4.0,6.0,4.0,6.0
245,420.0,5.0,3.0,41.0,1.0,3.0,2.0,6.0,3.0,3.0,3.0,3.0,4.0,4.0,3.0,3.0,2.0,2.0,3.0,3.0,4.0,4.0,3.0,3.0,4.0,3.0,3.0,3.0,2.0,3.0,4.0,3.0,4.0,4.0,4.0,4.0
246,421.0,1.0,9.0,45.0,0.0,3.0,1.0,6.0,5.0,4.0,5.0,2.0,3.0,2.0,5.0,2.0,5.0,5.0,3.0,2.0,3.0,3.0,2.0,2.0,3.0,2.0,5.0,4.0,6.0,2.0,4.0,2.0,2.0,2.0,4.0,2.0
247,422.0,3.0,3.0,28.0,0.0,3.0,0.0,6.0,4.0,4.0,5.0,4.0,3.0,3.0,2.0,3.0,4.0,4.0,2.0,2.0,2.0,2.0,3.0,3.0,3.0,4.0,2.0,3.0,4.0,4.0,3.0,2.0,4.0,4.0,3.0,3.0
248,423.0,3.0,30.0,56.0,0.0,3.0,1.0,6.0,5.0,5.0,5.0,5.0,5.0,5.0,3.0,3.0,6.0,5.0,3.0,2.0,3.0,3.0,3.0,5.0,4.0,4.0,5.0,5.0,5.0,5.0,4.0,4.0,3.0,3.0,6.0,6.0
249,424.0,5.0,3.0,38.0,0.0,3.0,0.0,5.0,5.0,5.0,5.0,5.0,5.0,5.0,4.0,4.0,5.0,4.0,2.0,2.0,4.0,4.0,4.0,4.0,3.0,4.0,5.0,5.0,5.0,5.0,3.0,3.0,4.0,4.0,6.0,6.0
250,427.0,4.0,7.0,40.0,0.0,3.0,3.0,6.0,6.0,6.0,5.0,5.0,5.0,6.0,3.0,2.0,3.0,2.0,4.0,5.0,4.0,3.0,5.0,6.0,4.0,4.0,5.0,6.0,4.0,6.0,3.0,4.0,5.0,5.0,6.0,6.0
251,428.0,2.0,3.0,25.0,0.0,3.0,0.0,6.0,3.0,5.0,4.0,6.0,3.0,5.0,4.0,5.0,4.0,5.0,1.0,3.0,2.0,4.0,1.0,2.0,3.0,4.0,3.0,4.0,4.0,5.0,3.0,4.0,3.0,4.0,3.0,5.0
252,431.0,5.0,6.0,32.0,0.0,1.0,0.0,4.0,4.0,5.0,4.0,5.0,3.0,4.0,2.0,3.0,3.0,4.0,2.0,4.0,2.0,3.0,2.0,4.0,5.0,6.0,5.0,5.0,4.0,6.0,3.0,5.0,5.0,6.0,3.0,4.0
253,434.0,3.0,3.0,27.0,0.0,2.0,0.0,5.0,4.0,5.0,5.0,5.0,3.0,6.0,1.0,2.0,3.0,2.0,1.0,1.0,3.0,5.0,1.0,1.0,2.0,2.0,2.0,3.0,3.0,5.0,4.0,5.0,2.0,4.0,2.0,5.0
254,435.0,1.0,1.0,23.0,0.0,3.0,0.0,4.0,6.0,5.0,6.0,6.0,6.0,6.0,4.0,4.0,2.0,2.0,3.0,4.0,2.0,5.0,2.0,2.0,5.0,5.0,5.0,5.0,6.0,6.0,6.0,5.0,4.0,6.0,6.0,6.0
255,436.0,5.0,32.0,53.0,1.0,3.0,2.0,4.0,4.0,5.0,5.0,5.0,5.0,5.0,4.0,4.0,5.0,6.0,5.0,2.0,4.0,6.0,5.0,6.0,4.0,4.0,5.0,5.0,5.0,5.0,5.0,4.0,5.0,6.0,5.0,6.0
256,438.0,3.0,15.0,39.0,0.0,3.0,3.0,1.0,5.0,6.0,5.0,6.0,5.0,6.0,4.0,4.0,5.0,5.0,3.0,5.0,2.0,5.0,3.0,3.0,3.0,3.0,3.0,5.0,5.0,5.0,4.0,5.0,4.0,6.0,6.0,6.0
257,441.0,3.0,20.0,52.0,1.0,3.0,3.0,6.0,5.0,4.0,4.0,5.0,4.0,5.0,3.0,3.0,5.0,3.0,2.0,2.0,2.0,2.0,4.0,3.0,4.0,3.0,5.0,5.0,2.0,2.0,3.0,4.0,5.0,3.0,5.0,5.0
258,442.0,5.0,21.0,41.0,0.0,2.0,2.0,3.0,4.0,3.0,3.0,3.0,4.0,3.0,2.0,2.0,2.0,3.0,2.0,3.0,2.0,3.0,2.0,3.0,3.0,2.0,3.0,4.0,5.0,5.0,2.0,2.0,4.0,6.0,4.0,5.0
259,443.0,1.0,15.0,37.0,1.0,3.0,3.0,1.0,3.0,4.0,4.0,6.0,5.0,5.0,5.0,5.0,5.0,3.0,3.0,5.0,2.0,3.0,4.0,2.0,4.0,4.0,4.0,4.0,5.0,5.0,4.0,4.0,5.0,5.0,5.0,6.0
260,444.0,2.0,9.0,43.0,1.0,1.0,1.0,2.0,6.0,5.0,6.0,6.0,6.0,6.0,6.0,6.0,1.0,1.0,6.0,6.0,6.0,6.0,6.0,6.0,6.0,6.0,6.0,6.0,6.0,6.0,6.0,6.0,6.0,6.0,6.0,6.0
261,451.0,5.0,1.0,49.0,1.0,2.0,1.0,6.0,1.0,3.0,1.0,2.0,1.0,2.0,1.0,2.0,1.0,1.0,1.0,1.0,2.0,4.0,2.0,2.0,2.0,3.0,5.0,5.0,1.0,2.0,1.0,3.0,2.0,6.0,1.0,2.0
262,452.0,3.0,2.0,36.0,0.0,3.0,0.0,5.0,5.0,5.0,5.0,5.0,5.0,5.0,3.0,3.0,2.0,1.0,1.0,1.0,1.0,1.0,1.0,2.0,5.0,5.0,5.0,5.0,3.0,4.0,3.0,3.0,5.0,5.0,4.0,5.0
263,453.0,2.0,1.0,41.0,0.0,3.0,2.0,6.0,4.0,4.0,3.0,4.0,4.0,3.0,4.0,4.0,3.0,3.0,2.0,2.0,2.0,2.0,2.0,2.0,3.0,3.0,5.0,5.0,3.0,4.0,4.0,4.0,6.0,6.0,4.0,3.0
264,454.0,5.0,3.0,43.0,0.0,2.0,1.0,4.0,5.0,5.0,4.0,4.0,3.0,4.0,5.0,3.0,2.0,2.0,2.0,2.0,4.0,4.0,5.0,3.0,3.0,3.0,6.0,5.0,6.0,4.0,4.0,2.0,3.0,3.0,4.0,3.0
265,455.0,2.0,3.0,33.0,0.0,2.0,0.0,6.0,4.0,5.0,5.0,4.0,3.0,3.0,5.0,3.0,5.0,3.0,3.0,3.0,3.0,3.0,3.0,2.0,3.0,2.0,2.0,2.0,3.0,3.0,4.0,3.0,4.0,4.0,5.0,4.0
266,456.0,1.0,20.0,51.0,0.0,2.0,0.0,6.0,6.0,6.0,6.0,6.0,5.0,5.0,6.0,6.0,6.0,5.0,6.0,2.0,5.0,6.0,1.0,2.0,5.0,5.0,6.0,6.0,5.0,5.0,6.0,6.0,6.0,6.0,6.0,6.0
267,457.0,1.0,2.0,27.0,0.0,3.0,0.0,6.0,2.0,3.0,4.0,3.0,2.0,3.0,2.0,2.0,2.0,3.0,1.0,3.0,3.0,2.0,2.0,2.0,2.0,4.0,2.0,3.0,4.0,3.0,3.0,2.0,3.0,3.0,2.0,2.0
268,458.0,3.0,1.0,23.0,0.0,3.0,0.0,6.0,5.0,4.0,4.0,4.0,4.0,4.0,3.0,3.0,5.0,3.0,2.0,1.0,2.0,2.0,2.0,1.0,4.0,3.0,3.0,6.0,5.0,4.0,3.0,4.0,2.0,4.0,2.0,2.0
269,459.0,4.0,5.0,30.0,1.0,1.0,0.0,6.0,5.0,5.0,5.0,5.0,5.0,4.0,6.0,3.0,6.0,2.0,3.0,4.0,2.0,3.0,4.0,4.0,3.0,3.0,5.0,4.0,4.0,5.0,4.0,4.0,3.0,4.0,5.0,5.0
270,460.0,3.0,3.0,27.0,1.0,1.0,0.0,6.0,3.0,3.0,3.0,6.0,2.0,5.0,1.0,1.0,6.0,5.0,2.0,3.0,1.0,1.0,1.0,1.0,2.0,4.0,3.0,4.0,4.0,4.0,2.0,2.0,2.0,5.0,3.0,4.0
271,462.0,5.0,5.0,28.0,1.0,3.0,0.0,6.0,4.0,6.0,4.0,6.0,4.0,6.0,4.0,5.0,4.0,5.0,3.0,5.0,3.0,4.0,3.0,5.0,3.0,4.0,3.0,3.0,5.0,5.0,4.0,5.0,4.0,5.0,5.0,5.0
272,463.0,4.0,10.0,50.0,0.0,3.0,2.0,6.0,2.0,5.0,2.0,4.0,1.0,4.0,2.0,2.0,2.0,4.0,1.0,3.0,2.0,4.0,1.0,2.0,3.0,3.0,3.0,3.0,3.0,4.0,1.0,3.0,4.0,4.0,2.0,4.0
273,464.0,4.0,6.0,47.0,1.0,3.0,0.0,4.0,4.0,5.0,5.0,5.0,3.0,5.0,2.0,2.0,4.0,1.0,2.0,4.0,5.0,5.0,2.0,4.0,2.0,2.0,4.0,4.0,4.0,5.0,2.0,2.0,2.0,4.0,3.0,4.0
274,465.0,3.0,1.0,38.0,1.0,3.0,3.0,5.0,5.0,5.0,6.0,5.0,5.0,6.0,6.0,5.0,6.0,6.0,4.0,4.0,4.0,4.0,4.0,6.0,4.0,4.0,5.0,5.0,5.0,6.0,4.0,4.0,6.0,6.0,5.0,6.0
275,466.0,2.0,1.0,28.0,0.0,3.0,0.0,4.0,5.0,6.0,6.0,5.0,5.0,6.0,3.0,2.0,6.0,6.0,2.0,2.0,2.0,2.0,2.0,2.0,5.0,5.0,5.0,5.0,2.0,6.0,6.0,2.0,6.0,6.0,6.0,6.0
276,467.0,2.0,1.0,30.0,0.0,3.0,2.0,3.0,5.0,4.0,5.0,5.0,5.0,4.0,4.0,4.0,4.0,5.0,4.0,4.0,4.0,4.0,4.0,4.0,5.0,5.0,6.0,6.0,6.0,6.0,4.0,4.0,5.0,5.0,4.0,4.0
277,468.0,2.0,8.0,45.0,1.0,2.0,0.0,2.0,2.0,2.0,4.0,3.0,1.0,1.0,2.0,1.0,5.0,3.0,5.0,3.0,5.0,6.0,5.0,3.0,4.0,5.0,5.0,5.0,3.0,4.0,6.0,5.0,4.0,6.0,3.0,3.0
278,469.0,1.0,20.0,41.0,1.0,1.0,0.0,2.0,6.0,6.0,6.0,6.0,4.0,6.0,5.0,3.0,4.0,5.0,4.0,4.0,5.0,4.0,4.0,3.0,6.0,5.0,5.0,5.0,5.0,5.0,5.0,5.0,6.0,6.0,6.0,5.0
279,470.0,2.0,2.0,63.0,1.0,3.0,0.0,1.0,4.0,4.0,4.0,4.0,3.0,4.0,5.0,4.0,2.0,3.0,3.0,4.0,4.0,4.0,3.0,3.0,4.0,4.0,4.0,4.0,5.0,5.0,4.0,4.0,4.0,4.0,5.0,5.0
280,476.0,4.0,8.0,48.0,0.0,2.0,0.0,4.0,4.0,2.0,4.0,2.0,3.0,2.0,2.0,2.0,2.0,1.0,2.0,2.0,1.0,2.0,2.0,3.0,2.0,2.0,5.0,2.0,2.0,5.0,2.0,2.0,3.0,2.0,2.0,2.0
281,478.0,5.0,10.0,40.0,0.0,1.0,0.0,4.0,3.0,5.0,3.0,5.0,3.0,5.0,2.0,2.0,2.0,5.0,1.0,1.0,2.0,3.0,2.0,3.0,3.0,4.0,3.0,4.0,3.0,5.0,2.0,3.0,5.0,6.0,2.0,5.0
282,479.0,4.0,10.0,40.0,0.0,2.0,0.0,5.0,4.0,4.0,6.0,6.0,4.0,6.0,6.0,3.0,2.0,4.0,2.0,1.0,2.0,4.0,4.0,6.0,5.0,5.0,5.0,6.0,3.0,6.0,3.0,4.0,4.0,6.0,5.0,6.0
283,480.0,5.0,11.0,40.0,0.0,3.0,2.0,6.0,3.0,4.0,4.0,4.0,3.0,4.0,4.0,3.0,4.0,4.0,2.0,2.0,3.0,3.0,4.0,4.0,3.0,4.0,3.0,4.0,3.0,4.0,3.0,3.0,4.0,4.0,4.0,5.0
284,481.0,3.0,6.0,46.0,1.0,3.0,2.0,5.0,5.0,5.0,6.0,5.0,6.0,6.0,4.0,2.0,6.0,2.0,2.0,2.0,5.0,5.0,3.0,3.0,5.0,5.0,5.0,4.0,6.0,6.0,6.0,2.0,5.0,5.0,6.0,6.0
285,483.0,5.0,6.0,34.0,1.0,1.0,0.0,3.0,1.0,2.0,1.0,3.0,1.0,2.0,2.0,2.0,1.0,2.0,1.0,1.0,1.0,3.0,1.0,2.0,6.0,6.0,6.0,5.0,3.0,5.0,1.0,4.0,6.0,6.0,1.0,5.0
286,485.0,3.0,10.0,39.0,1.0,3.0,1.0,4.0,3.0,5.0,4.0,4.0,2.0,3.0,4.0,3.0,2.0,2.0,4.0,4.0,2.0,4.0,5.0,5.0,4.0,5.0,5.0,5.0,4.0,6.0,2.0,3.0,4.0,4.0,5.0,6.0
287,488.0,1.0,2.0,37.0,0.0,3.0,0.0,3.0,3.0,3.0,4.0,5.0,4.0,4.0,4.0,4.0,2.0,3.0,2.0,2.0,4.0,4.0,4.0,4.0,3.0,3.0,5.0,5.0,4.0,5.0,4.0,4.0,5.0,5.0,4.0,4.0
288,489.0,3.0,10.0,36.0,1.0,3.0,1.0,2.0,2.0,5.0,3.0,4.0,2.0,4.0,1.0,2.0,1.0,3.0,1.0,1.0,1.0,3.0,1.0,2.0,2.0,3.0,5.0,5.0,4.0,5.0,1.0,2.0,6.0,5.0,1.0,4.0
289,490.0,5.0,15.0,48.0,0.0,3.0,2.0,5.0,5.0,6.0,6.0,6.0,5.0,6.0,2.0,2.0,6.0,4.0,2.0,2.0,2.0,2.0,3.0,2.0,4.0,4.0,4.0,4.0,3.0,3.0,6.0,6.0,3.0,3.0,4.0,6.0
290,491.0,2.0,8.0,36.0,1.0,3.0,0.0,3.0,4.0,2.0,3.0,2.0,3.0,2.0,5.0,2.0,1.0,2.0,1.0,1.0,2.0,2.0,2.0,2.0,5.0,3.0,5.0,6.0,3.0,3.0,3.0,2.0,3.0,3.0,4.0,2.0
291,492.0,2.0,12.0,35.0,1.0,3.0,0.0,3.0,5.0,5.0,6.0,6.0,5.0,5.0,3.0,2.0,3.0,4.0,1.0,2.0,4.0,3.0,2.0,2.0,4.0,5.0,4.0,4.0,4.0,3.0,4.0,3.0,5.0,6.0,5.0,5.0
292,493.0,5.0,6.0,37.0,1.0,3.0,2.0,6.0,2.0,5.0,2.0,3.0,3.0,5.0,1.0,1.0,1.0,3.0,1.0,1.0,5.0,5.0,5.0,2.0,2.0,2.0,5.0,5.0,4.0,4.0,3.0,3.0,5.0,5.0,3.0,3.0
293,497.0,2.0,10.0,42.0,0.0,2.0,2.0,4.0,2.0,5.0,2.0,5.0,2.0,5.0,3.0,3.0,2.0,4.0,1.0,3.0,1.0,3.0,1.0,3.0,3.0,4.0,2.0,6.0,2.0,4.0,4.0,4.0,4.0,4.0,2.0,4.0
294,498.0,1.0,1.0,40.0,0.0,3.0,0.0,6.0,4.0,5.0,5.0,4.0,3.0,4.0,4.0,4.0,4.0,2.0,4.0,4.0,3.0,4.0,2.0,2.0,4.0,4.0,5.0,4.0,4.0,5.0,5.0,5.0,3.0,3.0,3.0,4.0
295,499.0,2.0,2.0,67.0,1.0,2.0,0.0,3.0,6.0,5.0,6.0,6.0,6.0,5.0,6.0,6.0,5.0,3.0,1.0,1.0,2.0,4.0,2.0,3.0,6.0,4.0,6.0,4.0,6.0,6.0,6.0,5.0,6.0,6.0,6.0,6.0
296,500.0,2.0,4.0,50.0,0.0,2.0,0.0,4.0,1.0,6.0,1.0,6.0,1.0,6.0,5.0,6.0,1.0,6.0,1.0,6.0,1.0,5.0,1.0,3.0,6.0,6.0,5.0,6.0,3.0,6.0,6.0,6.0,6.0,6.0,1.0,6.0
297,501.0,5.0,20.0,40.0,0.0,3.0,0.0,6.0,2.0,4.0,3.0,3.0,2.0,5.0,3.0,2.0,1.0,1.0,1.0,1.0,2.0,2.0,1.0,1.0,3.0,3.0,3.0,4.0,4.0,5.0,2.0,2.0,5.0,4.0,3.0,3.0
298,502.0,1.0,1.0,29.0,0.0,1.0,0.0,6.0,3.0,1.0,3.0,2.0,1.0,1.0,4.0,1.0,2.0,1.0,1.0,1.0,2.0,3.0,2.0,2.0,2.0,1.0,5.0,2.0,5.0,5.0,2.0,1.0,5.0,3.0,2.0,1.0
299,503.0,5.0,29.0,50.0,0.0,1.0,0.0,6.0,2.0,4.0,2.0,4.0,1.0,2.0,3.0,2.0,2.0,1.0,1.0,3.0,2.0,3.0,2.0,2.0,3.0,5.0,2.0,2.0,3.0,3.0,3.0,2.0,3.0,3.0,4.0,5.0
300,508.0,4.0,5.0,41.0,0.0,3.0,3.0,6.0,1.0,2.0,2.0,2.0,2.0,2.0,1.0,2.0,3.0,3.0,1.0,1.0,2.0,3.0,1.0,2.0,3.0,3.0,3.0,3.0,3.0,4.0,2.0,3.0,4.0,4.0,2.0,2.0
301,510.0,1.0,5.0,30.0,0.0,1.0,0.0,6.0,3.0,5.0,3.0,5.0,2.0,5.0,3.0,5.0,2.0,4.0,2.0,4.0,4.0,4.0,2.0,3.0,3.0,5.0,4.0,4.0,3.0,5.0,2.0,5.0,3.0,4.0,2.0,4.0
302,511.0,5.0,13.0,37.0,1.0,3.0,3.0,6.0,6.0,5.0,4.0,4.0,4.0,5.0,2.0,3.0,4.0,4.0,1.0,1.0,3.0,4.0,4.0,4.0,3.0,4.0,4.0,4.0,3.0,4.0,5.0,4.0,5.0,5.0,2.0,5.0
303,513.0,2.0,1.0,36.0,0.0,3.0,0.0,6.0,4.0,3.0,4.0,3.0,3.0,3.0,4.0,2.0,3.0,3.0,1.0,2.0,4.0,4.0,2.0,4.0,4.0,3.0,3.0,4.0,3.0,3.0,3.0,4.0,3.0,2.0,4.0,3.0
